Original Accuracy: 0.773
Original F1 score: 0.772257245824085
Original Recall: 0.773
Original Precision: 0.7734622697784067
Original clasification report: 
              precision    recall  f1-score   support

          65       0.87      0.92      0.89       155
          66       0.65      0.70      0.68       154
          67       0.73      0.76      0.74       153
          68       0.80      0.79      0.80       184
          69       0.73      0.74      0.73       156
          70       0.79      0.73      0.76       133
          71       0.71      0.53      0.61       163
          72       0.57      0.50      0.53       153
          73       0.85      0.85      0.85       119
          74       0.85      0.83      0.84       133
          75       0.71      0.75      0.73       175
          76       0.86      0.87      0.86       144
          77       0.91      0.85      0.88       171
          78       0.86      0.84      0.85       165
          79       0.66      0.67      0.66       165
          80       0.88      0.84      0.86       158
          81       0.70      0.70      0.70       136
          82       0.66      0.73      0.69       151
          83       0.55      0.59      0.57       138
          84       0.81      0.83      0.82       157
          85       0.83      0.83      0.83       169
          86       0.86      0.87      0.86       151
          87       0.89      0.89      0.89       167
          88       0.77      0.78      0.77       156
          89       0.86      0.86      0.86       150
          90       0.75      0.84      0.79       144

    accuracy                           0.77      4000
   macro avg       0.77      0.77      0.77      4000
weighted avg       0.77      0.77      0.77      4000

Original confussion matrix: 
[[143   0   0   0   0   0   0   0   0   1   2   0   1   0   1   0   0   0
    5   1   0   0   1   0   0   0]
 [  0 108   0   2   3   3   0   2   5   0   0   0   0   0   7   0   2  11
    8   0   0   1   0   0   0   2]
 [  0   0 116   0   6   0   6   1   0   0  13   2   0   0   2   0   1   0
    0   4   2   0   0   0   0   0]
 [  0   8   0 146   0   0   0   2   0   4   1   0   0   1   4   2   1   6
    0   4   0   0   0   2   0   3]
 [  0   3   2   0 115   1   6   0   0   0   1   2   0   0   0   0   4   1
    6   6   0   0   0   5   0   4]
 [  0   5   0   2   5  97   2   0   0   1   0   0   0   3   0   4   0   0
    4   6   0   0   1   1   1   1]
 [  2   2  27   0   3   0  87   1   0   0   5   1   2   0   2   1  15   3
    2   0   0   9   0   1   0   0]
 [  0   4   0   6   0   6   2  77   0   1  11   0   0   3  16   1   2  10
    0   0  10   0   0   3   1   0]
 [  0   2   0   2   0   1   0   0 101   1   0   1   0   0   2   0   0   0
    5   0   0   0   0   3   1   0]
 [  3   0   0   3   0   2   0   0   8 110   0   0   0   0   0   2   0   0
    3   0   0   0   0   1   0   1]
 [  1   3   2   0   3   0   4   1   0   0 132   2   1   1   0   0   0  14
    0   0   1   0   0   9   1   0]
 [  0   1   1   1   4   0   2   0   0   0   0 125   0   0   1   0   3   0
    3   1   1   0   0   1   0   0]
 [  3   1   0   1   0   0   0   2   0   0   0   0 146   5   2   0   0   4
    0   0   4   0   3   0   0   0]
 [  0   0   1   4   0   0   0   7   0   0   7   0   2 138   2   2   0   1
    0   0   0   0   1   0   0   0]
 [  2   0   7   4   0   0   0  17   0   0   0   1   1   0 110   3   4   4
    0   0   2   3   7   0   0   0]
 [  0   0   0   1   0   8   4   0   0   0   0   0   0   0   3 133   0   0
    1   0   0   1   1   0   6   0]
 [  7   4   1   1   1   0   2   1   0   0   0   4   0   0   5   0  95   2
    8   0   0   0   1   0   2   2]
 [  0  13   0   3   1   1   0   6   0   0   8   0   0   1   2   0   0 110
    0   0   1   0   0   5   0   0]
 [  0  10   0   2   6   0   1   0   2   2   0   7   0   0   1   1   3   0
   81   1   0   0   0   1   2  18]
 [  0   1   0   0   1   0   5   1   1   2   0   0   0   0   0   2   0   0
    0 131   4   0   0   2   1   6]
 [  1   0   1   2   0   0   0   7   0   0   1   0   1   8   6   0   0   0
    0   0 140   0   2   0   0   0]
 [  0   0   0   0   0   1   1   5   0   0   2   0   1   0   1   1   0   1
    0   1   0 131   2   0   4   0]
 [  1   0   0   0   1   0   0   4   0   0   2   0   5   0   0   0   0   0
    0   0   3   2 149   0   0   0]
 [  1   0   1   1   5   0   1   0   2   3   2   1   0   0   0   0   3   0
    8   1   1   0   0 121   2   3]
 [  0   0   0   1   0   2   0   1   0   0   0   0   0   0   0   0   2   0
    2   5   0   6   0   2 129   0]
 [  1   0   0   0   4   1   0   0   0   5   0   0   0   0   0   0   1   0
   10   0   0   0   0   1   0 121]]

LetterRecognitionOriginal Best SSE k-Means 6 clusters, SSE: 157224.15, MutualInfo: 0.18, Homogeneity: 0.14, Completeness: 0.26, Silhouette: 0.13
LetterRecognitionOriginal Best Silhouete EM 4 clusters, SIL: 0.11, AIC: 497345.38, BIC: 502038.07
LetterRecognitionOriginal Best BIC EM 2 clusters, SIL: 0.09, AIC: 550721.70, BIC: 553064.20
LetterRecognitionOriginal Best AIC EM 2 clusters, SIL: 0.09, AIC: 550721.70, BIC: 553064.20

PCA Accuracy: 0.70675
PCA F1 score: 0.7056222299035939
PCA Recall: 0.70675
PCA Precision: 0.7076631985746809
PCA clasification report: 
              precision    recall  f1-score   support

          65       0.89      0.89      0.89       179
          66       0.63      0.67      0.65       153
          67       0.75      0.72      0.74       138
          68       0.60      0.71      0.65       153
          69       0.65      0.72      0.68       153
          70       0.77      0.76      0.76       144
          71       0.58      0.48      0.53       160
          72       0.47      0.37      0.41       153
          73       0.89      0.78      0.83       171
          74       0.82      0.77      0.79       162
          75       0.69      0.75      0.72       163
          76       0.83      0.78      0.81       144
          77       0.85      0.89      0.87       155
          78       0.75      0.80      0.77       154
          79       0.65      0.59      0.62       175
          80       0.81      0.82      0.82       170
          81       0.66      0.69      0.67       135
          82       0.58      0.72      0.64       136
          83       0.46      0.52      0.49       137
          84       0.64      0.57      0.60       167
          85       0.78      0.79      0.78       164
          86       0.74      0.82      0.78       139
          87       0.88      0.88      0.88       131
          88       0.60      0.59      0.60       150
          89       0.62      0.59      0.60       167
          90       0.75      0.71      0.73       147

    accuracy                           0.71      4000
   macro avg       0.71      0.71      0.70      4000
weighted avg       0.71      0.71      0.71      4000

PCA confussion matrix: 
[[159   0   0   0   0   0   0   0   0   3   1   0   1   0   0   0   1   2
    5   0   3   0   1   1   2   0]
 [  0 103   0   4   1   1   5   1   2   0   0   0   0   0   0   4   4  15
   11   0   0   0   0   1   0   1]
 [  0   0 100   0  11   0   6   0   0   0   9   3   1   0   3   0   1   0
    0   4   0   0   0   0   0   0]
 [  1   4   0 108   0   0   0   3   0   6   0   0   0   7   5   3   1   9
    3   0   1   0   0   1   0   1]
 [  0   0   0   0 110   0  10   0   0   0   2   0   0   0   0   0   6   1
    5   5   0   0   0   9   0   5]
 [  0   3   0   1   3 109   3   0   0   0   1   0   0   0   0   5   0   0
    1  12   0   0   1   2   3   0]
 [  0   2  21   6   0   0  77   3   0   0   4   6   0   2   0   8  18   3
    3   0   2   4   1   0   0   0]
 [  1   6   0  14   0   1   3  56   0   0  10   0   1  10   8   1   2  16
    0   0   6   2   0  16   0   0]
 [  1   2   0   1   3   2   0   0 133  10   1   3   0   0   0   1   0   0
    8   0   0   0   0   5   0   1]
 [  3   6   0   6   2   4   0   1   5 125   0   0   0   0   0   1   2   0
    4   0   0   0   0   2   0   1]
 [  0   0   5   3   1   0   2   1   0   0 122   0   0   1   0   0   0  14
    0   0   6   1   0   7   0   0]
 [  0   1   2   3   7   0   7   0   0   0   2 113   0   1   0   0   2   0
    0   0   0   0   0   2   4   0]
 [  3   2   0   0   0   0   0   3   0   0   0   0 138   0   2   0   0   1
    0   0   2   2   2   0   0   0]
 [  0   0   0   6   0   0   0   5   0   0   4   0   1 123   4   2   0   0
    0   0   3   2   3   0   1   0]
 [  1   0   0  15   0   0   4  24   0   0   0   0   2   1 104   2   5   4
    0   0   7   2   3   0   1   0]
 [  1   1   0   2   0   7   8   1   1   0   2   0   0   0   0 140   0   0
    0   2   0   0   1   0   4   0]
 [  3   1   1   1   5   0   2   3   0   0   0   2   0   0   9   0  93   3
    3   0   0   2   1   0   2   4]
 [  0   8   0   1   0   0   2   5   0   0  11   2   0   2   1   0   0  98
    0   0   0   0   0   4   2   0]
 [  0  18   0   0   7   4   0   3   0   4   1   6   0   0   2   0   1   1
   71   2   0   0   0   2   1  14]
 [  0   0   2   1   3  11   3   1   2   0   3   0   0   0   0   3   1   0
    1  95   1   0   0   7  25   8]
 [  3   0   3   0   0   0   0   0   0   0   0   0   6  13   7   0   1   0
    0   0 129   1   0   0   1   0]
 [  1   2   0   2   0   0   0   2   0   0   0   0   2   0   0   2   0   1
    0   0   0 114   2   0  11   0]
 [  0   0   0   0   0   0   0   6   0   0   0   0   7   2   0   0   0   0
    0   0   0   1 115   0   0   0]
 [  0   2   0   2  12   0   0   2   5   1   4   1   0   0  14   0   0   1
    9   1   4   0   0  89   3   0]
 [  1   0   0   2   0   3   0   0   0   1   0   0   3   3   0   0   2   0
    4  25   1  24   0   0  98   0]
 [  0   2   0   1   4   0   0   0   1   3   0   0   0   0   0   0   1   0
   26   3   0   0   0   0   1 105]]

LetterRecognitionPCA Best SSE k-Means 8 clusters, SSE: 113492.10, MutualInfo: 0.30, Homogeneity: 0.24, Completeness: 0.40, Silhouette: 0.13
LetterRecognitionPCA Best Silhouete EM 6 clusters, SIL: 0.11, AIC: 411412.53, BIC: 414999.25
LetterRecognitionPCA Best BIC EM 2 clusters, SIL: 0.06, AIC: 472239.29, BIC: 473429.74
LetterRecognitionPCA Best AIC EM 2 clusters, SIL: 0.06, AIC: 472239.29, BIC: 473429.74

 Accuracy: 0.62525
 F1 score: 0.6222411860918688
 Recall: 0.62525
 Precision: 0.6258825261716501
 clasification report: 
              precision    recall  f1-score   support

          65       0.83      0.85      0.84       179
          66       0.50      0.60      0.54       153
          67       0.50      0.64      0.56       138
          68       0.61      0.69      0.65       153
          69       0.56      0.60      0.58       153
          70       0.65      0.67      0.66       144
          71       0.37      0.24      0.29       160
          72       0.34      0.31      0.32       153
          73       0.84      0.79      0.82       171
          74       0.80      0.73      0.77       162
          75       0.42      0.36      0.39       163
          76       0.86      0.76      0.81       144
          77       0.73      0.85      0.79       155
          78       0.59      0.69      0.64       154
          79       0.64      0.45      0.53       175
          80       0.73      0.69      0.71       170
          81       0.46      0.51      0.48       135
          82       0.56      0.64      0.60       136
          83       0.46      0.46      0.46       137
          84       0.66      0.59      0.63       167
          85       0.68      0.63      0.66       164
          86       0.67      0.81      0.73       139
          87       0.79      0.85      0.82       131
          88       0.45      0.50      0.47       150
          89       0.71      0.60      0.65       167
          90       0.74      0.74      0.74       147

    accuracy                           0.63      4000
   macro avg       0.62      0.63      0.62      4000
weighted avg       0.63      0.63      0.62      4000

 confussion matrix: 
[[153   0   0   0   0   0   0   3   0   4   3   3   5   2   0   0   1   0
    3   1   0   0   1   0   0   0]
 [  0  92   0  11   3   0   4   0   5   0   0   0   1   0   1   1   2   9
   10   0   0   0   0   9   2   3]
 [  0   0  89   2   4   1   7   1   0   0  14   2   1   0   0   2   4   0
    3   0   5   0   0   2   1   0]
 [  0   9   0 105   0   0   1   7   0   2   1   0   1   1   3   4   1   6
    1   2   2   0   0   3   0   4]
 [  0  10   0   1  92   2   2   0   2   0   2   4   0   0   0   0   9   2
   13   0   0   0   0  10   0   4]
 [  0   2   0   3   1  96   2   0   0   1   1   0   0   0   0   8   0   0
    2  24   1   0   0   1   2   0]
 [  5   5  45   1   1   0  39   0   0   3  18   0   5   0   6   0   5   6
    1   2   2   7   6   3   0   0]
 [  2   5   0  10   2   3   6  48   0   0   6   1   0  26   6   0   5   9
    0   0   6   1   1  12   4   0]
 [  0   6   0   2   0   1   0   0 135   4   4   1   0   0   0   1   1   0
    4   0   0   0   0  12   0   0]
 [  5   8   0   0   0   3   0   3  11 119   0   0   4   0   0   0   0   2
    5   0   0   0   0   1   0   1]
 [  2   5  31   2  20   0  12   1   0   0  58   1   2   5   1   0   4   8
    0   0   5   0   0   6   0   0]
 [  2   1   3   4   4   0   3   0   0   0   5 110   0   0   0   0   1   1
    0   0   1   0   0   8   1   0]
 [  2   2   0   1   0   0   1   2   0   0   5   0 132   2   0   0   2   2
    0   0   3   0   1   0   0   0]
 [  1   0   0   2   0   0   0  17   0   0   3   0   0 106   5   4   5   2
    0   0   3   2   3   0   1   0]
 [  1   2   5   5   0   1   9  38   0   0   1   0   2   6  79   3   7   4
    0   0   7   1   4   0   0   0]
 [  0   1   1   2   0  13   4   0   0   0   1   0   0   4   2 118   0   1
    0  11   4   1   3   1   3   0]
 [  3   2   0   0   2   0   8   4   0   1   2   1   3   3  10   0  69   6
    0   0   1   5   3   6   0   6]
 [  6   8   0   5   4   0   1   3   0   2   1   0   7   1   6   0   1  87
    0   0   0   0   0   3   1   0]
 [  0  14   0   9   4   2   0   0   0   8   1   5   0   2   1   0   0   1
   63   0   1   1   0  14   4   7]
 [  0   3   1   3   4  13   1   1   3   0   4   0   0   0   0  16   1   1
    3  99   4   2   0   0   2   6]
 [  2   1   4   0   0   0   2  11   0   1   2   0   4  19   3   0   9   2
    0   0 104   0   0   0   0   0]
 [  0   1   0   0   1   0   1   1   0   0   2   0   0   0   0   0   2   1
    1   1   0 112   6   0  10   0]
 [  0   0   0   0   0   0   1   2   0   0   1   0  10   0   0   1   2   1
    0   0   1   0 112   0   0   0]
 [  0   4   0   4  14   0   1   0   3   3   2   0   0   2   0   0  18   0
    9   0   1   0   0  75   7   7]
 [  0   0   0   0   0  10   0   1   0   0   0   0   2   0   0   2   1   0
    5   8   1  35   2   0 100   0]
 [  0   4   0   0   7   3   0   0   1   1   0   0   1   0   0   1   0   3
   13   1   0   0   0   1   2 109]]

LetterRecognitionRP Best SSE k-Means 6 clusters, SSE: 90154.63, MutualInfo: 0.17, Homogeneity: 0.13, Completeness: 0.24, Silhouette: 0.15
LetterRecognitionRP Best Silhouete EM 3 clusters, SIL: 0.12, AIC: 317088.38, BIC: 318877.90
LetterRecognitionRP Best BIC EM 2 clusters, SIL: 0.15, AIC: 331147.62, BIC: 332338.07
LetterRecognitionRP Best AIC EM 2 clusters, SIL: 0.15, AIC: 331147.62, BIC: 332338.07

 Accuracy: 0.66825
 F1 score: 0.6645210599969302
 Recall: 0.66825
 Precision: 0.6650098658907515
 clasification report: 
              precision    recall  f1-score   support

          65       0.74      0.83      0.78       154
          66       0.56      0.61      0.58       155
          67       0.66      0.73      0.69       152
          68       0.56      0.59      0.58       147
          69       0.58      0.54      0.56       142
          70       0.70      0.67      0.68       150
          71       0.51      0.40      0.45       159
          72       0.40      0.36      0.38       137
          73       0.90      0.78      0.84       167
          74       0.80      0.79      0.80       146
          75       0.61      0.74      0.67       148
          76       0.85      0.76      0.80       153
          77       0.86      0.87      0.86       171
          78       0.71      0.80      0.75       147
          79       0.48      0.47      0.47       152
          80       0.79      0.79      0.79       152
          81       0.69      0.63      0.66       178
          82       0.67      0.75      0.71       158
          83       0.36      0.34      0.35       161
          84       0.69      0.63      0.66       164
          85       0.80      0.82      0.81       166
          86       0.73      0.83      0.78       156
          87       0.80      0.87      0.83       129
          88       0.50      0.37      0.43       162
          89       0.66      0.65      0.65       151
          90       0.65      0.73      0.69       143

    accuracy                           0.67      4000
   macro avg       0.66      0.67      0.66      4000
weighted avg       0.67      0.67      0.66      4000

 confussion matrix: 
[[128   0   0   7   0   0   0   4   0   2   0   6   2   2   0   0   1   0
    0   0   1   1   0   0   0   0]
 [  2  95   0   3   0   5   5   2   1   0   3   0   0   0   1   4   8  13
    8   0   0   0   0   5   0   0]
 [  0   0 111   0  10   0   4   3   3   0   9   3   1   0   0   0   0   0
    0   0   3   0   0   0   5   0]
 [  7   3   0  87   0   2   1   9   1   4   0   0   2   2   9   3   2   6
    4   0   1   0   0   4   0   0]
 [  0   7   2   0  77   4  13   0   0   0   3   1   0   0   0   0   2   1
    5   2   0   0   0  17   1   7]
 [  1   7   2   0   1 101   1   0   0   0   1   0   0   6   0   9   0   1
    4   9   0   0   2   1   4   0]
 [  0   6  35   5   4   0  63   4   0   0   9   3   0   0   4   1  11   6
    3   0   0   3   0   2   0   0]
 [  1   3   1   6   0   0   2  50   0   0  14   0   1  26   8   1   1  11
    1   1   7   1   0   2   0   0]
 [  2   4   1   1   2   3   0   0 131  13   0   0   0   0   0   0   0   0
    7   0   0   0   0   2   0   1]
 [  2   1   0   6   0   4   0   2   4 116   1   0   0   0   0   2   0   0
    4   0   1   0   0   2   0   1]
 [  0   2   2   0   3   0   7   2   0   0 110   0   1   0   0   0   0  11
    0   0   7   0   1   2   0   0]
 [  1   1   6   5   8   0   4   0   0   0   4 116   0   0   0   0   1   0
    0   0   1   0   0   2   1   3]
 [  3   1   0   1   0   0   1   3   0   0   2   0 149   2   1   0   0   0
    0   0   0   3   5   0   0   0]
 [  2   0   0   3   0   0   0   4   0   0   1   0   1 118   0   1   0   1
    0   0   4   7   5   0   0   0]
 [  6   1   5  15   0   0   2  22   0   0   0   0   2   0  71   1  12   1
    0   0   3   3   5   3   0   0]
 [  0   2   0   4   1  14   5   0   0   0   0   0   0   2   1 120   0   0
    0   1   0   0   0   0   2   0]
 [ 10   0   2   2   4   0   6   1   0   1   2   1   0   0  13   1 113   0
    5   0   0   9   0   0   5   3]
 [  2   6   0   6   0   3   1   6   0   1   6   1   0   2   2   0   2 118
    0   0   0   0   0   2   0   0]
 [  1  24   2   1   3   2   2   0   3   4   1   6   0   0   0   0   2   3
   54   5   0   0   0   8   4  36]
 [  1   0   0   0   1   2   5   2   0   2   3   0   0   0   0   4   1   0
    2 104   0   6   0   6  21   4]
 [  0   0   0   0   0   0   0   4   0   0   3   0   3   3   8   0   0   0
    0   0 136   3   4   1   1   0]
 [  2   2   0   0   0   0   1   2   0   0   2   0   1   3   1   3   0   1
    0   0   0 130   5   0   3   0]
 [  1   0   0   0   0   0   0   3   0   0   2   0  10   0   0   0   0   0
    0   0   1   0 112   0   0   0]
 [  1   6   0   1  14   0   1   1   2   0   5   0   0   0  28   2   0   3
   28   2   3   0   0  60   4   1]
 [  0   0   0   0   0   3   0   0   0   0   0   0   1   0   0   0   4   0
    3  25   3  13   1   0  98   0]
 [  0   0   0   1   4   2   0   0   0   2   0   0   0   0   0   0   3   0
   24   2   0   0   0   0   0 105]]

LetterRecognitionFT Best SSE k-Means 7 clusters, SSE: 122453.05, MutualInfo: 0.25, Homogeneity: 0.20, Completeness: 0.36, Silhouette: 0.11
LetterRecognitionFT Best Silhouete EM 3 clusters, SIL: 0.07, AIC: 458830.91, BIC: 460620.43
LetterRecognitionFT Best BIC EM 2 clusters, SIL: 0.07, AIC: 472465.95, BIC: 473656.40
LetterRecognitionFT Best AIC EM 2 clusters, SIL: 0.07, AIC: 472465.95, BIC: 473656.40

ICA3 Accuracy: 0.1845
ICA3 F1 score: 0.08885506229330561
ICA3 Recall: 0.1845
ICA3 Precision: 0.0699693933497433
ICA3 clasification report: 
              precision    recall  f1-score   support

          65       0.17      0.84      0.29       148
          66       0.00      0.00      0.00       179
          67       0.00      0.00      0.00       139
          68       0.00      0.00      0.00       169
          69       0.00      0.00      0.00       146
          70       0.00      0.00      0.00       153
          71       0.00      0.00      0.00       165
          72       0.00      0.00      0.00       136
          73       0.19      0.43      0.27       156
          74       0.21      0.13      0.16       174
          75       0.00      0.00      0.00       140
          76       0.00      0.00      0.00       153
          77       0.14      0.73      0.24       165
          78       0.00      0.00      0.00       137
          79       0.00      0.00      0.00       168
          80       0.00      0.00      0.00       146
          81       0.00      0.00      0.00       150
          82       0.00      0.00      0.00       143
          83       0.00      0.00      0.00       146
          84       0.20      0.67      0.30       160
          85       0.00      0.00      0.00       150
          86       0.27      0.44      0.34       140
          87       0.24      0.79      0.37       159
          88       0.00      0.00      0.00       161
          89       0.19      0.03      0.05       154
          90       0.16      0.64      0.25       163

    accuracy                           0.18      4000
   macro avg       0.07      0.18      0.09      4000
weighted avg       0.07      0.18      0.09      4000

ICA3 confussion matrix: 
[[125   0   0   0   0   0   0   0   0   0   0   0  12   0   0   0   0   0
    0   0   0   2   9   0   0   0]
 [ 73   0   0   0   0   0   0   0  19   8   0   0  44   0   0   0   0   0
    0   2   0   0   6   0   0  27]
 [  4   0   0   0   0   0   0   0  36   4   0   1  21   0   0   0   0   0
    0  42   0   1   4   1   1  24]
 [ 23   0   0   0   0   0   0   0  32  14   0   0  39   3   0   0   0   0
    0   4   0   2  10   0   0  42]
 [ 16   0   0   0   0   0   0   0  22   2   0   3  16   0   0   0   0   0
    0  12   0   0   9   0   0  66]
 [  1   0   0   0   0   0   0   0   0   0   0   0   9   0   0   0   0   0
    0 126   0   0   2   0   0  15]
 [ 65   0   0   0   0   0   0   0  14   2   0   0  56   0   0   0   0   0
    0   3   0   0  10   0   0  15]
 [ 11   0   0   0   0   0   0   0   5   2   0   1  69   3   0   0   0   0
    0  10   0   2  19   0   0  14]
 [  7   0   0   0   0   0   0   0  67   2   0   0   7   0   0   0   0   0
    0   4   0   0   1   0   0  68]
 [ 35   0   0   0   0   0   0   0  30  23   0   2   7   0   0   0   0   0
    0   1   0   0   1   0   0  75]
 [ 33   0   0   0   0   0   0   0   9   3   0   0  41   0   0   0   0   0
    0  25   0   0   3   0   0  26]
 [ 67   0   0   0   0   0   0   0   8  27   0   0   7   0   0   0   0   0
    0   0   0   0   9   0   0  35]
 [ 19   0   0   0   0   0   0   0   0   0   0   0 120   2   0   0   0   0
    0   0   0   1  23   0   0   0]
 [  3   0   0   0   0   0   0   0   3   0   0   0  53   0   0   0   0   0
    0   8   0  15  48   0   0   7]
 [ 63   0   0   0   0   0   0   0  13   0   0   0  70   0   0   0   0   0
    0   0   0   5  17   0   0   0]
 [  1   0   0   0   0   0   0   0   3   0   0   0   9   0   0   0   0   0
    0  57   0  31  30   0   4  11]
 [ 33   0   0   0   0   0   0   0   0   0   0   0  86   3   0   0   0   0
    0   0   0   5  14   0   0   9]
 [ 67   0   0   0   0   0   0   0   2   4   0   0  60   0   0   0   0   0
    0   0   0   0   7   0   0   3]
 [ 32   0   0   0   0   0   0   0  22  10   0   0  13   0   0   0   0   0
    0   9   0   0   5   0   0  55]
 [  0   0   0   0   0   0   0   0   0   0   0   0  12   0   0   0   0   0
    0 107   0  20   7   0   4  10]
 [  0   0   0   0   0   0   0   0   0   0   0   0  29   0   0   0   0   0
    0  43   0  17  60   0   1   0]
 [  0   0   0   0   0   0   0   0   0   0   0   0  10   0   0   0   0   0
    0   2   0  62  59   0   7   0]
 [  0   0   0   0   0   0   0   0   0   0   0   0  16   0   0   0   0   0
    0   0   0  18 125   0   0   0]
 [ 32   0   0   0   0   0   0   0  34   6   0   0  15   0   0   0   0   0
    1  15   0   0   2   0   0  56]
 [  0   0   0   0   0   0   0   0   0   0   0   0   6   0   0   0   0   0
    0  64   0  47  32   0   4   1]
 [ 12   0   0   0   0   0   0   0  26   1   0   0   4   0   0   0   0   0
    0   9   0   0   6   0   0 105]]

LetterRecognitionICA3 Best SSE k-Means 5 clusters, SSE: 19646.52, MutualInfo: 0.20, Homogeneity: 0.15, Completeness: 0.31, Silhouette: 0.26
LetterRecognitionICA3 Best Silhouete EM 10 clusters, SIL: 0.25, AIC: 129424.17, BIC: 130184.52
LetterRecognitionICA3 Best BIC EM 2 clusters, SIL: 0.23, AIC: 134736.87, BIC: 134882.79
LetterRecognitionICA3 Best AIC EM 2 clusters, SIL: 0.23, AIC: 134736.87, BIC: 134882.79

ICA5 Accuracy: 0.32
ICA5 F1 score: 0.2332681280790745
ICA5 Recall: 0.32
ICA5 Precision: 0.24406089924602553
ICA5 clasification report: 
              precision    recall  f1-score   support

          65       0.31      0.83      0.45       163
          66       0.19      0.46      0.27       145
          67       0.28      0.90      0.43       155
          68       0.00      0.00      0.00       146
          69       0.15      0.07      0.10       148
          70       0.63      0.22      0.32       176
          71       0.06      0.01      0.01       154
          72       0.00      0.00      0.00       148
          73       0.36      0.13      0.20       156
          74       0.32      0.82      0.46       160
          75       0.00      0.00      0.00       150
          76       0.29      0.22      0.25       144
          77       0.26      0.59      0.36       167
          78       0.00      0.00      0.00       156
          79       0.00      0.00      0.00       142
          80       0.44      0.52      0.48       170
          81       0.47      0.29      0.36       159
          82       0.00      0.00      0.00       141
          83       0.00      0.00      0.00       148
          84       0.33      0.67      0.44       151
          85       0.72      0.15      0.25       173
          86       0.51      0.68      0.58       149
          87       0.39      0.80      0.52       163
          88       0.00      0.00      0.00       154
          89       0.14      0.03      0.05       153
          90       0.28      0.84      0.42       129

    accuracy                           0.32      4000
   macro avg       0.24      0.32      0.23      4000
weighted avg       0.24      0.32      0.23      4000

ICA5 confussion matrix: 
[[135   8   0   0   0   0   0   0   0   8   0   0   3   0   0   3   0   0
    0   0   0   0   6   0   0   0]
 [ 24  67   0   0  11   0   0   0   0   2   0   1   4   0   0   9   0   0
    0   0   0   0   0   0   0  27]
 [  0   0 139   0   3   0   0   0   1   0   0   0   6   0   0   0   2   0
    0   2   0   0   2   0   0   0]
 [ 35  36   9   0  17   0   1   0   3   6   0   0   2   0   0  19   0   0
    0   0   0   0   7   0   0  11]
 [  2  13  43   0  11   0   0   0  12   9   0   9   2   0   0   0   4   0
    0   5   0   0   0   0   0  38]
 [  3  14  11   0   0  38   0   0   1   5   0   0   0   0   0  17   0   0
    0  80   0   1   1   0   0   5]
 [  2  14  77   0   6   0   1   0   1   1   0  25  10   0   0   1   6   0
    0   0   0   0   9   0   0   1]
 [ 15  25   5   0   0   1   0   0   1  21   0   9  49   0   0   8   6   0
    0   3   0   0   5   0   0   0]
 [  1   6   1   0   0   2   0   0  21  99   0   0   0   0   0   6   0   0
    0   0   0   0   0   0   0  20]
 [ 12   6   0   0   0   1   0   0   0 131   0   0   2   0   0   6   0   0
    0   0   0   0   0   0   0   2]
 [ 17  10  73   0   5   0   1   0   2  26   0   3   1   0   0   0   0   0
    0   1   4   2   3   0   0   2]
 [  1  15  10   0   0   0   0   0   2  55   0  31   1   0   0   0   1   0
    0   0   0   0   1   0   1  26]
 [ 39   5   1   0   0   0   0   0   0   2   0   0  98   0   0   0   0   0
    0   0   1   1  20   0   0   0]
 [ 12   1   3   0   0   0   0   0   0   8   0   0  57   0   0  22   1   0
    0   0   0   9  43   0   0   0]
 [ 30   2  23   0   3   0   1   0   2   2   0  12  46   0   0   2   9   0
    0   0   2   2   4   0   0   2]
 [  5   2   1   0   2  12   0   0   0   3   0   0   1   0   0  89   2   0
    0  16   0   0  27   0  10   0]
 [ 24   4  15   0   1   0   8   0   0   3   0   9  19   0   0   0  46   0
    0   0   3   8   9   0   0  10]
 [ 41  43   7   0   2   0   5   0   0   1   0   6  12   0   0   2  18   0
    0   0   0   0   0   0   0   4]
 [ 10  35   1   0   4   2   0   0   6  13   0   0   0   0   0   1   0   0
    0   8   0   0   0   0   0  68]
 [  0   3   5   0   2   2   0   0   0   1   0   0   0   0   0   0   0   0
    0 101   0   7   0   0  19  11]
 [  1   2  68   0   1   0   1   0   0   0   0   0  29   0   0   0   2   0
    0   8  26  23  12   0   0   0]
 [  0   6   0   0   0   0   0   0   0   0   0   0   3   0   0   0   0   0
    0   0   0 102  38   0   0   0]
 [  0   7   0   0   0   0   0   0   0   0   0   0  17   0   0   0   0   0
    0   0   0   8 131   0   0   0]
 [ 22  17   6   0   0   1   0   0   7  16   0   3   8   0   0   3   1   0
    0  16   0   0   0   0   0  54]
 [  0   9   1   0   0   1   0   0   0   0   0   0   5   0   0   9   0   0
    0  64   0  37  22   0   5   0]
 [  4   5   0   0   3   0   0   0   0   3   0   0   0   0   0   4   0   0
    0   2   0   0   0   0   0 108]]

LetterRecognitionICA5 Best SSE k-Means 6 clusters, SSE: 40986.99, MutualInfo: 0.19, Homogeneity: 0.15, Completeness: 0.27, Silhouette: 0.19
LetterRecognitionICA5 Best Silhouete EM 4 clusters, SIL: 0.16, AIC: 210123.03, BIC: 210760.50
LetterRecognitionICA5 Best BIC EM 2 clusters, SIL: 0.14, AIC: 216694.16, BIC: 217009.05
LetterRecognitionICA5 Best AIC EM 2 clusters, SIL: 0.14, AIC: 216694.16, BIC: 217009.05

ICA7 Accuracy: 0.375
ICA7 F1 score: 0.29341501342091664
ICA7 Recall: 0.375
ICA7 Precision: 0.3642355499369991
ICA7 clasification report: 
              precision    recall  f1-score   support

          65       0.41      0.78      0.54       144
          66       0.39      0.61      0.48       166
          67       0.30      0.86      0.45       145
          68       0.28      0.03      0.05       179
          69       0.47      0.18      0.26       153
          70       0.42      0.25      0.31       159
          71       0.64      0.08      0.15       165
          72       0.00      0.00      0.00       147
          73       0.71      0.16      0.26       139
          74       0.28      0.81      0.42       155
          75       0.50      0.02      0.04       153
          76       0.25      0.72      0.37       120
          77       0.44      0.71      0.54       164
          78       0.38      0.21      0.27       155
          79       0.33      0.01      0.01       144
          80       0.41      0.88      0.56       159
          81       0.34      0.39      0.36       149
          82       0.00      0.00      0.00       120
          83       0.00      0.00      0.00       148
          84       0.25      0.21      0.23       144
          85       0.79      0.33      0.46       161
          86       0.48      0.68      0.56       162
          87       0.40      0.95      0.56       165
          88       0.00      0.00      0.00       188
          89       0.53      0.11      0.18       158
          90       0.38      0.78      0.51       158

    accuracy                           0.38      4000
   macro avg       0.36      0.38      0.29      4000
weighted avg       0.36      0.38      0.29      4000

ICA7 confussion matrix: 
[[112   0   0   0   0   0   0   0   0   8   0   9   7   0   0   0   0   0
    0   0   0   0   8   0   0   0]
 [  7 102   0   2   0   0   1   0   4  17   0   2   6   0   0  13   0   1
    0   0   0   0  10   0   0   1]
 [  0   0 125   0   6   2   0   0   0   0   0   0   5   0   0   1   3   0
    0   0   0   0   3   0   0   0]
 [ 16   8   0   5   0   0   0   0   1  28   0  71   3   2   0  41   0   0
    0   0   0   0   0   0   0   4]
 [  0   7  51   0  28   0   1   0   0  17   0   0   1   0   0   0  17   0
    0   1   0   0   1   0   0  29]
 [  1  14   3   0   0  40   0   0   0   6   0   0   0   0   0  46   1   0
    0  38   0   0   8   0   0   2]
 [  4  14  73   0   5   0  14   0   0   1   0  14   4   0   0   2  21   1
    0   0   0   0  12   0   0   0]
 [ 16   3   8   1   0   0   0   0   0  18   1  18  14  45   0   7   5   0
    0   0   1   0   9   0   1   0]
 [  0   4   2   0   0   2   0   0  22  73   0   0   0   0   0   3   0   0
    0   0   0   0   0   0   0  33]
 [ 10   6   0   2   0   0   0   0   0 125   0   2   2   0   0   7   0   0
    0   0   0   0   1   0   0   0]
 [  8   6  77   0  10   0   1   0   0  17   3   4   7   0   0   1   5   0
    0   0   1   0   9   1   0   3]
 [  1   4   4   0   0   0   0   0   0  13   0  86   1   0   0   0   1   0
    0   0   0   0  10   0   0   0]
 [ 22   1   0   0   0   0   0   0   0   0   0   0 116   0   0   0   5   0
    0   0   0   0  20   0   0   0]
 [ 14   0   0   0   0   0   0   0   0   4   0  12  23  33   0  10   0   0
    0   0   1   3  55   0   0   0]
 [ 25   0   9   2   0   0   0   0   0   9   0  37  12   6   1  23   2   0
    0   0   9   4   5   0   0   0]
 [  0   1   0   0   0   0   0   0   0   1   0   0   0   0   0 140   7   0
    0   0   0   0  10   0   0   0]
 [  5   5  10   0   0   0   3   0   0  17   0  21   8   0   0   0  58   0
    0   0   0   6   9   0   0   7]
 [  8  18   0   2   0   0   2   0   0  22   0  15   4   0   0   3  38   0
    0   0   0   0   8   0   0   0]
 [  2  41   0   0   3   3   0   0   0  21   0   8   0   0   0   1   2   0
    0   5   0   0   0   0   0  62]
 [  0   2   2   0   1  38   0   0   0   3   0   2   3   0   0   8   0   0
    0  30   0  43   1   0   5   6]
 [  0   0  31   0   0   0   0   0   0   0   0  16  27   0   0   0   0   0
    0   1  53  16   8   0   9   0]
 [  0   3   0   0   0   0   0   0   0   0   0   0   7   0   0  13   1   0
    0   0   0 110  28   0   0   0]
 [  0   0   0   0   0   0   0   0   0   0   0   0   8   0   0   0   1   0
    0   0   0   0 156   0   0   0]
 [ 19  11  14   2   5   1   0   0   4  26   2  26   2   1   2   4   0   0
    0  10   0   0   1   0   0  58]
 [  0   5   4   0   0   9   0   0   0   0   0   1   3   0   0  13   2   0
    0  33   2  48  21   0  17   0]
 [  4   5   0   2   1   0   0   0   0  13   0   5   0   0   0   2   0   0
    0   2   0   0   0   0   0 124]]

LetterRecognitionICA7 Best SSE k-Means 7 clusters, SSE: 64501.92, MutualInfo: 0.24, Homogeneity: 0.19, Completeness: 0.32, Silhouette: 0.15
LetterRecognitionICA7 Best Silhouete EM 5 clusters, SIL: 0.12, AIC: 282740.56, BIC: 284115.34
LetterRecognitionICA7 Best BIC EM 2 clusters, SIL: 0.11, AIC: 306217.39, BIC: 306762.69
LetterRecognitionICA7 Best AIC EM 2 clusters, SIL: 0.11, AIC: 306217.39, BIC: 306762.69

ICA9 Accuracy: 0.447
ICA9 F1 score: 0.3881303964721855
ICA9 Recall: 0.447
ICA9 Precision: 0.47754287284146946
ICA9 clasification report: 
              precision    recall  f1-score   support

          65       0.46      0.62      0.53       145
          66       0.53      0.60      0.56       156
          67       0.34      0.78      0.47       138
          68       0.66      0.33      0.44       183
          69       0.53      0.16      0.24       132
          70       0.55      0.54      0.54       155
          71       0.89      0.05      0.10       157
          72       0.00      0.00      0.00       164
          73       0.60      0.09      0.16       166
          74       0.36      0.75      0.48       163
          75       0.64      0.37      0.47       131
          76       0.33      0.79      0.46       130
          77       0.36      0.88      0.52       158
          78       0.49      0.12      0.19       170
          79       0.84      0.15      0.25       141
          80       0.46      0.85      0.60       165
          81       0.81      0.43      0.56       171
          82       0.52      0.66      0.58       148
          83       0.27      0.02      0.04       149
          84       0.43      0.18      0.26       165
          85       0.47      0.57      0.51       165
          86       0.54      0.72      0.62       159
          87       0.48      0.90      0.62       154
          88       0.00      0.00      0.00       140
          89       0.44      0.38      0.41       165
          90       0.33      0.79      0.47       130

    accuracy                           0.45      4000
   macro avg       0.47      0.45      0.39      4000
weighted avg       0.48      0.45      0.39      4000

ICA9 confussion matrix: 
[[ 90   0   0   0   0   0   0   0   0  20   0  23   4   0   0   0   0   0
    0   0   2   0   5   0   1   0]
 [  0  94   0   0   0   0   0   0   3   3   0   0  10   0   0  15   1  18
    1   0   0   0   7   0   0   4]
 [  0   0 107   0   2   2   0   0   0   2   9   0   0   0   0   4   0   1
    0   0   3   0   8   0   0   0]
 [  7   1   0  60   0   0   0   0   0  38   0   8   7   1   0  41   0   7
    2   0   0   0   0   0   0  11]
 [  0   8  47   0  21   0   1   0   1   4   1   1   1   0   0   0   4   8
    0   0   2   0   2   0   1  30]
 [  0   6   1   0   0  83   0   0   0   1   0   0   0   0   0  37   0   5
    0  10   0   0   4   0   4   4]
 [  4  12  73   1   6   0   8   0   0   2   3  13   8   0   0   1   7   5
    0   0   1   0  13   0   0   0]
 [ 10   4   6   6   1   2   0   0   0  13   7   8  45  15   2   6   1   5
    0   0  18   2   9   0   2   2]
 [  6   2   0   0   0   2   0   0  15  52   0  76   0   0   0   9   0   0
    1   0   0   0   0   0   0   3]
 [  0   9   0   5   0   0   0   0   1 122   0   0   4   0   0  12   1   1
    1   0   2   0   0   0   0   5]
 [  9   0  22   0   4   1   0   0   0   2  48   5  10   0   0   1   0  22
    0   0   0   0   5   0   1   1]
 [  4   2   6   0   2   0   0   0   0   5   0 103   0   0   0   0   1   1
    0   0   0   0   2   0   4   0]
 [  5   1   0   0   0   0   0   0   0   2   0   1 139   0   0   0   0   2
    0   0   0   0   8   0   0   0]
 [ 15   0   0   6   0   0   0   0   0   0   1   6  53  20   0  10   0   0
    0   0  26   1  27   0   5   0]
 [  4   0   3   3   0   0   0   0   0  20   0  11  19   3  21   8   1   1
    0   0  37   0   9   0   0   1]
 [  0   2   1   0   0   1   0   0   0   0   1   0   0   0   0 141   0   5
    0   0   0   0  11   0   3   0]
 [  6   6   9   1   0   0   0   0   0  11   0   8  14   0   2   0  73   2
    0   0   7  15   7   0   2   8]
 [  6   2   0   0   0   0   0   0   0   4   0  15  18   0   0   2   0  98
    0   0   0   0   2   0   1   0]
 [  6  25   0   2   0   2   0   0   1  14   0   5   1   0   0   5   0   5
    3   1   2   0   0   0   2  75]
 [  0   1   5   0   0  40   0   0   0   5   0   1   4   0   0   2   0   0
    0  30   1  32   0   0  34  10]
 [  7   0  27   0   0   2   0   0   0   0   1   9  13   0   0   0   0   0
    0   1  94   3   4   0   4   0]
 [  0   1   0   0   0   6   0   0   0   0   0   0   7   0   0   5   0   0
    0   0   0 114  19   0   7   0]
 [  0   0   0   0   0   0   0   0   0   0   0   0  14   0   0   0   0   1
    0   0   0   0 138   0   1   0]
 [ 10   2   7   0   4   1   0   0   4  12   4  23   4   1   0   1   1   3
    2   3   2   0   1   0   9  46]
 [  0   0   0   1   0  10   0   0   0   0   0   0   6   1   0   1   0   0
    0  24   4  43   7   0  63   5]
 [  5   0   0   6   0   0   0   0   0  10   0   0   0   0   0   5   0   0
    1   0   0   0   0   0   0 103]]

LetterRecognitionICA9 Best SSE k-Means 7 clusters, SSE: 90318.15, MutualInfo: 0.29, Homogeneity: 0.23, Completeness: 0.42, Silhouette: 0.16
LetterRecognitionICA9 Best Silhouete EM 4 clusters, SIL: 0.11, AIC: 362000.09, BIC: 363682.09
LetterRecognitionICA9 Best BIC EM 2 clusters, SIL: 0.09, AIC: 384176.76, BIC: 385013.92
LetterRecognitionICA9 Best AIC EM 2 clusters, SIL: 0.09, AIC: 384176.76, BIC: 385013.92

