1579470559,s1,0.00,0.00,0.00,0,0,0.00,0.00,0.00,0,0,0.00,0.00,0,0
1579470559,eth0,0.00,0.00,0.00,0,0,0.00,0.00,0.00,0,0,0.00,0.00,0,0
1579470559,eth1,0.00,0.00,0.00,0,0,0.00,0.00,0.00,0,0,0.00,0.00,0,0
1579470559,s2,0.00,0.00,0.00,0,0,0.00,0.00,0.00,0,0,0.00,0.00,0,0
1579470559,s1-eth2,0.00,0.00,0.00,0,0,0.00,0.00,0.00,0,0,0.00,0.00,0,0
1579470559,s1-eth1,0.00,0.00,0.00,0,0,0.00,0.00,0.00,0,0,0.00,0.00,0,0
1579470559,s3,0.00,0.00,0.00,0,0,0.00,0.00,0.00,0,0,0.00,0.00,0,0
1579470559,s2-eth2,0.00,0.00,0.00,0,0,0.00,0.00,0.00,0,0,0.00,0.00,0,0
1579470559,s2-eth1,0.00,0.00,0.00,0,0,0.00,0.00,0.00,0,0,0.00,0.00,0,0
1579470559,lo,0.00,0.00,0.00,0,0,0.00,0.00,0.00,0,0,0.00,0.00,0,0
1579470559,s3-eth2,0.00,0.00,0.00,0,0,0.00,0.00,0.00,0,0,0.00,0.00,0,0
1579470559,s3-eth1,0.00,0.00,0.00,0,0,0.00,0.00,0.00,0,0,0.00,0.00,0,0
1579470559,total,0.00,0.00,0.00,0,0,0.00,0.00,0.00,0,0,0.00,0.00,0,0
1579470560,s1,90.00,2700.00,2790.00,2700,90,1.00,15.00,16.00,15,1,0.00,0.00,0,0
1579470560,eth0,0.00,0.00,0.00,0,0,0.00,0.00,0.00,0,0,0.00,0.00,0,0
1579470560,eth1,0.00,305.00,305.00,305,0,0.00,1.00,1.00,1,0,0.00,0.00,0,0
1579470560,s2,90.00,3379.00,3469.00,3379,90,1.00,18.00,19.00,18,1,0.00,0.00,0,0
1579470560,s1-eth2,148356.00,5993508.00,6141864.00,5993508,148356,1991.00,3971.00,5962.00,3971,1991,0.00,0.00,0,0
1579470560,s1-eth1,5997789.00,146388.00,6144177.00,146388,5997789,3980.00,1978.00,5958.00,1978,3980,0.00,0.00,0,0
1579470560,s3,90.00,3289.00,3379.00,3289,90,1.00,17.00,18.00,17,1,0.00,0.00,0,0
1579470560,s2-eth2,150237.00,5989561.00,6139798.00,5989561,150237,2003.00,3964.00,5967.00,3964,2003,0.00,0.00,0,0
1579470560,s2-eth1,5993508.00,148356.00,6141864.00,148356,5993508,3971.00,1991.00,5962.00,1991,3971,0.00,0.00,0,0
1579470560,lo,15693.00,15693.00,31386.00,15693,15693,148.00,148.00,296.00,148,148,0.00,0.00,0,0
1579470560,s3-eth2,152430.00,5997044.00,6149474.00,5997044,152430,2019.00,3962.00,5981.00,3962,2019,0.00,0.00,0,0
1579470560,s3-eth1,5989561.00,150237.00,6139798.00,150237,5989561,3964.00,2003.00,5967.00,2003,3964,0.00,0.00,0,0
1579470560,total,18447844.00,18450460.00,36898304.00,18450460,18447844,18079.00,18068.00,36147.00,18068,18079,0.00,0.00,0,0
1579470561,s1,0.00,776.00,776.00,776,0,0.00,3.00,3.00,3,0,0.00,0.00,0,0
1579470561,eth0,0.00,0.00,0.00,0,0,0.00,0.00,0.00,0,0,0.00,0.00,0,0
1579470561,eth1,0.00,305.00,305.00,305,0,0.00,1.00,1.00,1,0,0.00,0.00,0,0
1579470561,s2,0.00,996.00,996.00,996,0,0.00,3.00,3.00,3,0,0.00,0.00,0,0
1579470561,s1-eth2,151509.00,6212718.00,6364227.00,6212718,151509,2044.00,4106.00,6150.00,4106,2044,0.00,0.00,0,0
1579470561,s1-eth1,6208503.00,151700.00,6360203.00,151700,6208503,4104.00,2050.00,6154.00,2050,4104,0.00,0.00,0,0
1579470561,s3,0.00,996.00,996.00,996,0,0.00,3.00,3.00,3,0,0.00,0.00,0,0
1579470561,s2-eth2,151660.00,6212611.00,6364271.00,6212611,151660,2039.00,4105.00,6144.00,4105,2039,0.00,0.00,0,0
1579470561,s2-eth1,6212718.00,151509.00,6364227.00,151509,6212718,4106.00,2044.00,6150.00,2044,4106,0.00,0.00,0,0
1579470561,lo,2913.00,2913.00,5826.00,2913,2913,27.00,27.00,54.00,27,27,0.00,0.00,0,0
1579470561,s3-eth2,151395.00,6216484.00,6367879.00,6216484,151395,2032.00,4106.00,6138.00,4106,2032,0.00,0.00,0,0
1579470561,s3-eth1,6212611.00,151660.00,6364271.00,151660,6212611,4105.00,2039.00,6144.00,2039,4105,0.00,0.00,0,0
1579470561,total,19091308.00,19102668.00,38193976.00,19102668,19091309,18457.00,18487.00,36944.00,18487,18457,0.00,0.00,0,0
1579470562,s1,0.00,1038.00,1038.00,1038,0,0.00,5.00,5.00,5,0,0.00,0.00,0,0
1579470562,eth0,0.00,0.00,0.00,0,0,0.00,0.00,0.00,0,0,0.00,0.00,0,0
1579470562,eth1,0.00,305.00,305.00,305,0,0.00,1.00,1.00,1,0,0.00,0.00,0,0
1579470562,s2,0.00,748.00,748.00,748,0,0.00,4.00,4.00,4,0,0.00,0.00,0,0
1579470562,s1-eth2,151778.00,6190270.00,6342048.00,6190270,151778,2048.00,4093.00,6141.00,4093,2048,0.00,0.00,0,0
1579470562,s1-eth1,6192158.00,151330.00,6343488.00,151330,6192158,4096.00,2045.00,6141.00,2045,4096,0.00,0.00,0,0
1579470562,s3,0.00,748.00,748.00,748,0,0.00,4.00,4.00,4,0,0.00,0.00,0,0
1579470562,s2-eth2,152152.00,6192634.00,6344786.00,6192634,152152,2050.00,4092.00,6142.00,4092,2050,0.00,0.00,0,0
1579470562,s2-eth1,6190270.00,151778.00,6342048.00,151778,6190270,4093.00,2048.00,6141.00,2048,4093,0.00,0.00,0,0
1579470562,lo,4023.00,4023.00,8046.00,4023,4023,38.00,38.00,76.00,38,38,0.00,0.00,0,0
1579470562,s3-eth2,152452.00,6192260.00,6344712.00,6192260,152452,2051.00,4090.00,6141.00,4090,2051,0.00,0.00,0,0
1579470562,s3-eth1,6192634.00,152152.00,6344786.00,152152,6192634,4092.00,2050.00,6142.00,2050,4092,0.00,0.00,0,0
1579470562,total,19035468.00,19037286.00,38072752.00,19037286,19035467,18468.00,18470.00,36938.00,18470,18468,0.00,0.00,0,0
1579470563,s1,70.00,607.00,677.00,607,70,1.00,5.00,6.00,5,1,0.00,0.00,0,0
1579470563,eth0,0.00,0.00,0.00,0,0,0.00,0.00,0.00,0,0,0.00,0.00,0,0
1579470563,eth1,0.00,305.00,305.00,305,0,0.00,1.00,1.00,1,0,0.00,0.00,0,0
1579470563,s2,70.00,1004.00,1074.00,1004,70,1.00,7.00,8.00,7,1,0.00,0.00,0,0
1579470563,s1-eth2,151719.00,6183713.00,6335432.00,6183713,151719,2047.00,4088.00,6135.00,4088,2047,0.00,0.00,0,0
1579470563,s1-eth1,6182666.00,151178.00,6333844.00,151178,6182666,4090.00,2043.00,6133.00,2043,4090,0.00,0.00,0,0
1579470563,s3,70.00,1004.00,1074.00,1004,70,1.00,7.00,8.00,7,1,0.00,0.00,0,0
1579470563,s2-eth2,152186.00,6183643.00,6335829.00,6183643,152186,2050.00,4087.00,6137.00,4087,2050,0.00,0.00,0,0
1579470563,s2-eth1,6183713.00,151719.00,6335432.00,151719,6183713,4088.00,2047.00,6135.00,2047,4088,0.00,0.00,0,0
1579470563,lo,6134.00,6134.00,12268.00,6134,6134,65.00,65.00,130.00,65,65,0.00,0.00,0,0
1579470563,s3-eth2,152587.00,6189232.00,6341819.00,6189232,152587,2052.00,4088.00,6140.00,4088,2052,0.00,0.00,0,0
1579470563,s3-eth1,6183643.00,152186.00,6335829.00,152186,6183643,4087.00,2050.00,6137.00,2050,4087,0.00,0.00,0,0
1579470563,total,19012858.00,19020724.00,38033584.00,19020725,19012858,18482.00,18488.00,36970.00,18488,18482,0.00,0.00,0,0
1579470564,s1,0.00,412.00,412.00,412,0,0.00,2.00,2.00,2,0,0.00,0.00,0,0
1579470564,eth0,0.00,0.00,0.00,0,0,0.00,0.00,0.00,0,0,0.00,0.00,0,0
1579470564,eth1,0.00,305.00,305.00,305,0,0.00,1.00,1.00,1,0,0.00,0.00,0,0
1579470564,s2,0.00,412.00,412.00,412,0,0.00,2.00,2.00,2,0,0.00,0.00,0,0
1579470564,s1-eth2,151478.00,6209326.00,6360804.00,6209326,151478,2047.00,4103.00,6150.00,4103,2047,0.00,0.00,0,0
1579470564,s1-eth1,6207812.00,151626.00,6359438.00,151626,6207812,4102.00,2049.00,6151.00,2049,4102,0.00,0.00,0,0
1579470564,s3,0.00,70.00,70.00,70,0,0.00,1.00,1.00,1,0,0.00,0.00,0,0
1579470564,s2-eth2,151552.00,6212354.00,6363906.00,6212354,151552,2048.00,4105.00,6153.00,4105,2048,0.00,0.00,0,0
1579470564,s2-eth1,6209326.00,151478.00,6360804.00,151478,6209326,4103.00,2047.00,6150.00,2047,4103,0.00,0.00,0,0
1579470564,lo,1508.00,1508.00,3016.00,1508,1508,16.00,16.00,32.00,16,16,0.00,0.00,0,0
1579470564,s3-eth2,151548.00,6212012.00,6363560.00,6212012,151548,2048.00,4104.00,6152.00,4104,2048,0.00,0.00,0,0
1579470564,s3-eth1,6212354.00,151552.00,6363906.00,151552,6212354,4105.00,2048.00,6153.00,2048,4105,0.00,0.00,0,0
1579470564,total,19085578.00,19091056.00,38176632.00,19091055,19085578,18469.00,18478.00,36947.00,18478,18469,0.00,0.00,0,0
1579470565,s1,0.00,449.00,449.00,449,0,0.00,2.00,2.00,2,0,0.00,0.00,0,0
1579470565,eth0,0.00,0.00,0.00,0,0,0.00,0.00,0.00,0,0,0.00,0.00,0,0
1579470565,eth1,0.00,305.00,305.00,305,0,0.00,1.00,1.00,1,0,0.00,0.00,0,0
1579470565,s2,0.00,0.00,0.00,0,0,0.00,0.00,0.00,0,0,0.00,0.00,0,0
1579470565,s1-eth2,146816.00,6006487.00,6153303.00,6006487,146816,1984.00,3969.00,5953.00,3969,1984,0.00,0.00,0,0
1579470565,s1-eth1,6006487.00,146816.00,6153303.00,146816,6006487,3969.00,1984.00,5953.00,1984,3969,0.00,0.00,0,0
1579470565,s3,0.00,342.00,342.00,342,0,0.00,1.00,1.00,1,0,0.00,0.00,0,0
1579470565,s2-eth2,147158.00,5999982.00,6147140.00,5999982,147158,1985.00,3963.00,5948.00,3963,1985,0.00,0.00,0,0
1579470565,s2-eth1,6006487.00,146816.00,6153303.00,146816,6006487,3969.00,1984.00,5953.00,1984,3969,0.00,0.00,0,0
1579470565,lo,957.00,957.00,1914.00,957,957,9.00,9.00,18.00,9,9,0.00,0.00,0,0
1579470565,s3-eth2,147158.00,5980300.00,6127458.00,5980300,147158,1985.00,3950.00,5935.00,3950,1985,0.00,0.00,0,0
1579470565,s3-eth1,5999982.00,147158.00,6147140.00,147158,5999982,3963.00,1985.00,5948.00,1985,3963,0.00,0.00,0,0
1579470565,total,18455044.00,18429612.00,36884656.00,18429612,18455045,17864.00,17848.00,35712.00,17848,17864,0.00,0.00,0,0
1579470566,s1,0.00,177.00,177.00,177,0,0.00,2.00,2.00,2,0,0.00,0.00,0,0
1579470566,eth0,0.00,0.00,0.00,0,0,0.00,0.00,0.00,0,0,0.00,0.00,0,0
1579470566,eth1,0.00,305.00,305.00,305,0,0.00,1.00,1.00,1,0,0.00,0.00,0,0
1579470566,s2,0.00,556.00,556.00,556,0,0.00,3.00,3.00,3,0,0.00,0.00,0,0
1579470566,s1-eth2,147857.00,6030439.00,6178296.00,6030439,147857,1994.00,3985.00,5979.00,3985,1994,0.00,0.00,0,0
1579470566,s1-eth1,6032402.00,147408.00,6179810.00,147408,6032402,3988.00,1992.00,5980.00,1992,3988,0.00,0.00,0,0
1579470566,s3,0.00,556.00,556.00,556,0,0.00,3.00,3.00,3,0,0.00,0.00,0,0
1579470566,s2-eth2,147890.00,6030369.00,6178259.00,6030369,147890,1994.00,3984.00,5978.00,3984,1994,0.00,0.00,0,0
1579470566,s2-eth1,6030439.00,147857.00,6178296.00,147857,6030439,3985.00,1994.00,5979.00,1994,3985,0.00,0.00,0,0
1579470566,lo,2445.00,2445.00,4890.00,2445,2445,24.00,24.00,48.00,24,24,0.00,0.00,0,0
1579470566,s3-eth2,148071.00,6031776.00,6179847.00,6031776,148071,1996.00,3984.00,5980.00,3984,1996,0.00,0.00,0,0
1579470566,s3-eth1,6030369.00,147890.00,6178259.00,147890,6030369,3984.00,1994.00,5978.00,1994,3984,0.00,0.00,0,0
1579470566,total,18539472.00,18539778.00,37079252.00,18539778,18539473,17965.00,17966.00,35931.00,17966,17965,0.00,0.00,0,0
1579470567,s1,70.00,280.00,350.00,280,70,1.00,4.00,5.00,4,1,0.00,0.00,0,0
1579470567,eth0,0.00,0.00,0.00,0,0,0.00,0.00,0.00,0,0,0.00,0.00,0,0
1579470567,eth1,0.00,305.00,305.00,305,0,0.00,1.00,1.00,1,0,0.00,0.00,0,0
1579470567,s2,70.00,350.00,420.00,350,70,1.00,5.00,6.00,5,1,0.00,0.00,0,0
1579470567,s1-eth2,150430.00,6142508.00,6292938.00,6142508,150430,2033.00,4060.00,6093.00,4060,2033,0.00,0.00,0,0
1579470567,s1-eth1,6142648.00,150216.00,6292864.00,150216,6142648,4062.00,2030.00,6092.00,2030,4062,0.00,0.00,0,0
1579470567,s3,70.00,350.00,420.00,350,70,1.00,5.00,6.00,5,1,0.00,0.00,0,0
1579470567,s2-eth2,150570.00,6143952.00,6294522.00,6143952,150570,2035.00,4060.00,6095.00,4060,2035,0.00,0.00,0,0
1579470567,s2-eth1,6142508.00,150430.00,6292938.00,150430,6142508,4060.00,2033.00,6093.00,2033,4060,0.00,0.00,0,0
1579470567,lo,4504.00,4504.00,9008.00,4504,4504,50.00,50.00,100.00,50,50,0.00,0.00,0,0
1579470567,s3-eth2,150570.00,6142298.00,6292868.00,6142298,150570,2035.00,4057.00,6092.00,4057,2035,0.00,0.00,0,0
1579470567,s3-eth1,6143952.00,150570.00,6294522.00,150570,6143952,4060.00,2035.00,6095.00,2035,4060,0.00,0.00,0,0
1579470567,total,18885392.00,18885764.00,37771156.00,18885763,18885392,18338.00,18340.00,36678.00,18340,18338,0.00,0.00,0,0
1579470568,s1,0.00,70.00,70.00,70,0,0.00,1.00,1.00,1,0,0.00,0.00,0,0
1579470568,eth0,0.00,0.00,0.00,0,0,0.00,0.00,0.00,0,0,0.00,0.00,0,0
1579470568,eth1,0.00,305.00,305.00,305,0,0.00,1.00,1.00,1,0,0.00,0.00,0,0
1579470568,s2,0.00,70.00,70.00,70,0,0.00,1.00,1.00,1,0,0.00,0.00,0,0
1579470568,s1-eth2,148518.00,6083322.00,6231840.00,6083322,148518,2007.00,4019.00,6026.00,4019,2007,0.00,0.00,0,0
1579470568,s1-eth1,6083322.00,148592.00,6231914.00,148592,6083322,4019.00,2008.00,6027.00,2008,4019,0.00,0.00,0,0
1579470568,s3,0.00,70.00,70.00,70,0,0.00,1.00,1.00,1,0,0.00,0.00,0,0
1579470568,s2-eth2,148518.00,6083322.00,6231840.00,6083322,148518,2007.00,4019.00,6026.00,4019,2007,0.00,0.00,0,0
1579470568,s2-eth1,6083322.00,148518.00,6231840.00,148518,6083322,4019.00,2007.00,6026.00,2007,4019,0.00,0.00,0,0
1579470568,lo,856.00,856.00,1712.00,856,856,10.00,10.00,20.00,10,10,0.00,0.00,0,0
1579470568,s3-eth2,148588.00,6083322.00,6231910.00,6083322,148588,2008.00,4019.00,6027.00,4019,2008,0.00,0.00,0,0
1579470568,s3-eth1,6083322.00,148518.00,6231840.00,148518,6083322,4019.00,2007.00,6026.00,2007,4019,0.00,0.00,0,0
1579470568,total,18696446.00,18696964.00,37393412.00,18696965,18696446,18089.00,18093.00,36182.00,18093,18089,0.00,0.00,0,0
1579470569,s1,0.00,0.00,0.00,0,0,0.00,0.00,0.00,0,0,0.00,0.00,0,0
1579470569,eth0,0.00,0.00,0.00,0,0,0.00,0.00,0.00,0,0,0.00,0.00,0,0
1579470569,eth1,0.00,305.00,305.00,305,0,0.00,1.00,1.00,1,0,0.00,0.00,0,0
1579470569,s2,0.00,0.00,0.00,0,0,0.00,0.00,0.00,0,0,0.00,0.00,0,0
1579470569,s1-eth2,152514.00,6240708.00,6393222.00,6240708,152514,2061.00,4122.00,6183.00,4122,2061,0.00,0.00,0,0
1579470569,s1-eth1,6240708.00,152514.00,6393222.00,152514,6240708,4122.00,2061.00,6183.00,2061,4122,0.00,0.00,0,0
1579470569,s3,0.00,342.00,342.00,342,0,0.00,1.00,1.00,1,0,0.00,0.00,0,0
1579470569,s2-eth2,152930.00,6240708.00,6393638.00,6240708,152930,2063.00,4122.00,6185.00,4122,2063,0.00,0.00,0,0
1579470569,s2-eth1,6240708.00,152514.00,6393222.00,152514,6240708,4122.00,2061.00,6183.00,2061,4122,0.00,0.00,0,0
1579470569,lo,326.00,326.00,652.00,326,326,3.00,3.00,6.00,3,3,0.00,0.00,0,0
1579470569,s3-eth2,152856.00,6240708.00,6393564.00,6240708,152856,2062.00,4122.00,6184.00,4122,2062,0.00,0.00,0,0
1579470569,s3-eth1,6240708.00,152930.00,6393638.00,152930,6240708,4122.00,2063.00,6185.00,2063,4122,0.00,0.00,0,0
1579470569,total,19180750.00,19181056.00,38361804.00,19181055,19180750,18555.00,18556.00,37111.00,18556,18555,0.00,0.00,0,0
1579470570,s1,0.00,342.00,342.00,342,0,0.00,1.00,1.00,1,0,0.00,0.00,0,0
1579470570,eth0,0.00,0.00,0.00,0,0,0.00,0.00,0.00,0,0,0.00,0.00,0,0
1579470570,eth1,0.00,305.00,305.00,305,0,0.00,1.00,1.00,1,0,0.00,0.00,0,0
1579470570,s2,0.00,342.00,342.00,342,0,0.00,1.00,1.00,1,0,0.00,0.00,0,0
1579470570,s1-eth2,150590.00,6159294.00,6309884.00,6159294,150590,2035.00,4069.00,6104.00,4069,2035,0.00,0.00,0,0
1579470570,s1-eth1,6159294.00,150516.00,6309810.00,150516,6159294,4069.00,2034.00,6103.00,2034,4069,0.00,0.00,0,0
1579470570,s3,0.00,0.00,0.00,0,0,0.00,0.00,0.00,0,0,0.00,0.00,0,0
1579470570,s2-eth2,150516.00,6159294.00,6309810.00,6159294,150516,2034.00,4069.00,6103.00,4069,2034,0.00,0.00,0,0
1579470570,s2-eth1,6159294.00,150590.00,6309884.00,150590,6159294,4069.00,2035.00,6104.00,2035,4069,0.00,0.00,0,0
1579470570,lo,652.00,652.00,1304.00,652,652,6.00,6.00,12.00,6,6,0.00,0.00,0,0
1579470570,s3-eth2,150516.00,6158952.00,6309468.00,6158952,150516,2034.00,4068.00,6102.00,4068,2034,0.00,0.00,0,0
1579470570,s3-eth1,6159294.00,150516.00,6309810.00,150516,6159294,4069.00,2034.00,6103.00,2034,4069,0.00,0.00,0,0
1579470570,total,18930156.00,18930804.00,37860960.00,18930803,18930156,18316.00,18318.00,36634.00,18318,18316,0.00,0.00,0,0
1579470571,s1,0.00,342.00,342.00,342,0,0.00,1.00,1.00,1,0,0.00,0.00,0,0
1579470571,eth0,0.00,0.00,0.00,0,0,0.00,0.00,0.00,0,0,0.00,0.00,0,0
1579470571,eth1,0.00,305.00,305.00,305,0,0.00,1.00,1.00,1,0,0.00,0.00,0,0
1579470571,s2,0.00,0.00,0.00,0,0,0.00,0.00,0.00,0,0,0.00,0.00,0,0
1579470571,s1-eth2,147260.00,6027576.00,6174836.00,6027576,147260,1990.00,3982.00,5972.00,3982,1990,0.00,0.00,0,0
1579470571,s1-eth1,6027576.00,147260.00,6174836.00,147260,6027576,3982.00,1990.00,5972.00,1990,3982,0.00,0.00,0,0
1579470571,s3,0.00,0.00,0.00,0,0,0.00,0.00,0.00,0,0,0.00,0.00,0,0
1579470571,s2-eth2,147260.00,6030262.00,6177522.00,6030262,147260,1990.00,3983.00,5973.00,3983,1990,0.00,0.00,0,0
1579470571,s2-eth1,6027576.00,147260.00,6174836.00,147260,6027576,3982.00,1990.00,5972.00,1990,3982,0.00,0.00,0,0
1579470571,lo,326.00,326.00,652.00,326,326,3.00,3.00,6.00,3,3,0.00,0.00,0,0
1579470571,s3-eth2,147260.00,6037832.00,6185092.00,6037832,147260,1990.00,3988.00,5978.00,3988,1990,0.00,0.00,0,0
1579470571,s3-eth1,6030262.00,147260.00,6177522.00,147260,6030262,3983.00,1990.00,5973.00,1990,3983,0.00,0.00,0,0
1579470571,total,18527520.00,18538424.00,37065944.00,18538423,18527520,17920.00,17928.00,35848.00,17928,17920,0.00,0.00,0,0
1579470572,s1,0.00,0.00,0.00,0,0,0.00,0.00,0.00,0,0,0.00,0.00,0,0
1579470572,eth0,0.00,0.00,0.00,0,0,0.00,0.00,0.00,0,0,0.00,0.00,0,0
1579470572,eth1,0.00,305.00,305.00,305,0,0.00,1.00,1.00,1,0,0.00,0.00,0,0
1579470572,s2,0.00,0.00,0.00,0,0,0.00,0.00,0.00,0,0,0.00,0.00,0,0
1579470572,s1-eth2,152292.00,6231624.00,6383916.00,6231624,152292,2058.00,4116.00,6174.00,4116,2058,0.00,0.00,0,0
1579470572,s1-eth1,6231624.00,152292.00,6383916.00,152292,6231624,4116.00,2058.00,6174.00,2058,4116,0.00,0.00,0,0
1579470572,s3,0.00,0.00,0.00,0,0,0.00,0.00,0.00,0,0,0.00,0.00,0,0
1579470572,s2-eth2,152292.00,6231624.00,6383916.00,6231624,152292,2058.00,4116.00,6174.00,4116,2058,0.00,0.00,0,0
1579470572,s2-eth1,6231624.00,152292.00,6383916.00,152292,6231624,4116.00,2058.00,6174.00,2058,4116,0.00,0.00,0,0
1579470572,lo,0.00,0.00,0.00,0,0,0.00,0.00,0.00,0,0,0.00,0.00,0,0
1579470572,s3-eth2,152292.00,6231624.00,6383916.00,6231624,152292,2058.00,4116.00,6174.00,4116,2058,0.00,0.00,0,0
1579470572,s3-eth1,6231624.00,152292.00,6383916.00,152292,6231624,4116.00,2058.00,6174.00,2058,4116,0.00,0.00,0,0
1579470572,total,19151748.00,19152052.00,38303800.00,19152053,19151748,18522.00,18523.00,37045.00,18523,18522,0.00,0.00,0,0
1579470573,s1,0.00,107.00,107.00,107,0,0.00,1.00,1.00,1,0,0.00,0.00,0,0
1579470573,eth0,0.00,0.00,0.00,0,0,0.00,0.00,0.00,0,0,0.00,0.00,0,0
1579470573,eth1,0.00,305.00,305.00,305,0,0.00,1.00,1.00,1,0,0.00,0.00,0,0
1579470573,s2,0.00,0.00,0.00,0,0,0.00,0.00,0.00,0,0,0.00,0.00,0,0
1579470573,s1-eth2,150664.00,6166629.00,6317293.00,6166629,150664,2036.00,4074.00,6110.00,4074,2036,0.00,0.00,0,0
1579470573,s1-eth1,6166629.00,150738.00,6317367.00,150738,6166629,4074.00,2037.00,6111.00,2037,4074,0.00,0.00,0,0
1579470573,s3,0.00,0.00,0.00,0,0,0.00,0.00,0.00,0,0,0.00,0.00,0,0
1579470573,s2-eth2,150738.00,6165008.00,6315746.00,6165008,150738,2037.00,4072.00,6109.00,4072,2037,0.00,0.00,0,0
1579470573,s2-eth1,6166629.00,150664.00,6317293.00,150664,6166629,4074.00,2036.00,6110.00,2036,4074,0.00,0.00,0,0
1579470573,lo,477.00,477.00,954.00,477,477,6.00,6.00,12.00,6,6,0.00,0.00,0,0
1579470573,s3-eth2,150738.00,6165008.00,6315746.00,6165008,150738,2037.00,4072.00,6109.00,4072,2037,0.00,0.00,0,0
1579470573,s3-eth1,6165008.00,150738.00,6315746.00,150738,6165008,4072.00,2037.00,6109.00,2037,4072,0.00,0.00,0,0
1579470573,total,18950884.00,18949674.00,37900556.00,18949674,18950883,18336.00,18336.00,36672.00,18336,18336,0.00,0.00,0,0
1579470574,s1,0.00,107.00,107.00,107,0,0.00,1.00,1.00,1,0,0.00,0.00,0,0
1579470574,eth0,0.00,0.00,0.00,0,0,0.00,0.00,0.00,0,0,0.00,0.00,0,0
1579470574,eth1,0.00,305.00,305.00,305,0,0.00,1.00,1.00,1,0,0.00,0.00,0,0
1579470574,s2,0.00,214.00,214.00,214,0,0.00,2.00,2.00,2,0,0.00,0.00,0,0
1579470574,s1-eth2,147219.00,6021285.00,6168504.00,6021285,147219,1989.00,3978.00,5967.00,3978,1989,0.00,0.00,0,0
1579470574,s1-eth1,6019878.00,147112.00,6166990.00,147112,6019878,3978.00,1988.00,5966.00,1988,3978,0.00,0.00,0,0
1579470574,s3,0.00,214.00,214.00,214,0,0.00,2.00,2.00,2,0,0.00,0.00,0,0
1579470574,s2-eth2,147326.00,6018257.00,6165583.00,6018257,147326,1990.00,3976.00,5966.00,3976,1990,0.00,0.00,0,0
1579470574,s2-eth1,6021285.00,147219.00,6168504.00,147219,6021285,3978.00,1989.00,5967.00,1989,3978,0.00,0.00,0,0
1579470574,lo,1697.00,1697.00,3394.00,1697,1697,18.00,18.00,36.00,18,18,0.00,0.00,0,0
1579470574,s3-eth2,147433.00,6019664.00,6167097.00,6019664,147433,1991.00,3976.00,5967.00,3976,1991,0.00,0.00,0,0
1579470574,s3-eth1,6018257.00,147326.00,6165583.00,147326,6018257,3976.00,1990.00,5966.00,1990,3976,0.00,0.00,0,0
1579470574,total,18503096.00,18503400.00,37006496.00,18503400,18503095,17920.00,17921.00,35841.00,17921,17920,0.00,0.00,0,0
1579470575,s1,0.00,0.00,0.00,0,0,0.00,0.00,0.00,0,0,0.00,0.00,0,0
1579470575,eth0,0.00,0.00,0.00,0,0,0.00,0.00,0.00,0,0,0.00,0.00,0,0
1579470575,eth1,0.00,563.00,563.00,563,0,0.00,2.00,2.00,2,0,0.00,0.00,0,0
1579470575,s2,0.00,0.00,0.00,0,0,0.00,0.00,0.00,0,0,0.00,0.00,0,0
1579470575,s1-eth2,152588.00,6243736.00,6396324.00,6243736,152588,2062.00,4124.00,6186.00,4124,2062,0.00,0.00,0,0
1579470575,s1-eth1,6243736.00,152588.00,6396324.00,152588,6243736,4124.00,2062.00,6186.00,2062,4124,0.00,0.00,0,0
1579470575,s3,0.00,0.00,0.00,0,0,0.00,0.00,0.00,0,0,0.00,0.00,0,0
1579470575,s2-eth2,152588.00,6243736.00,6396324.00,6243736,152588,2062.00,4124.00,6186.00,4124,2062,0.00,0.00,0,0
1579470575,s2-eth1,6243736.00,152588.00,6396324.00,152588,6243736,4124.00,2062.00,6186.00,2062,4124,0.00,0.00,0,0
1579470575,lo,0.00,0.00,0.00,0,0,0.00,0.00,0.00,0,0,0.00,0.00,0,0
1579470575,s3-eth2,152588.00,6243736.00,6396324.00,6243736,152588,2062.00,4124.00,6186.00,4124,2062,0.00,0.00,0,0
1579470575,s3-eth1,6243736.00,152588.00,6396324.00,152588,6243736,4124.00,2062.00,6186.00,2062,4124,0.00,0.00,0,0
1579470575,total,19188972.00,19189536.00,38378508.00,19189535,19188972,18558.00,18560.00,37118.00,18560,18558,0.00,0.00,0,0
1579470576,s1,0.00,0.00,0.00,0,0,0.00,0.00,0.00,0,0,0.00,0.00,0,0
1579470576,eth0,0.00,0.00,0.00,0,0,0.00,0.00,0.00,0,0,0.00,0.00,0,0
1579470576,eth1,0.00,305.00,305.00,305,0,0.00,1.00,1.00,1,0,0.00,0.00,0,0
1579470576,s2,0.00,0.00,0.00,0,0,0.00,0.00,0.00,0,0,0.00,0.00,0,0
1579470576,s1-eth2,152662.00,6246764.00,6399426.00,6246764,152662,2063.00,4126.00,6189.00,4126,2063,0.00,0.00,0,0
1579470576,s1-eth1,6246764.00,152662.00,6399426.00,152662,6246764,4126.00,2063.00,6189.00,2063,4126,0.00,0.00,0,0
1579470576,s3,0.00,0.00,0.00,0,0,0.00,0.00,0.00,0,0,0.00,0.00,0,0
1579470576,s2-eth2,152588.00,6246764.00,6399352.00,6246764,152588,2062.00,4126.00,6188.00,4126,2062,0.00,0.00,0,0
1579470576,s2-eth1,6246764.00,152662.00,6399426.00,152662,6246764,4126.00,2063.00,6189.00,2063,4126,0.00,0.00,0,0
1579470576,lo,0.00,0.00,0.00,0,0,0.00,0.00,0.00,0,0,0.00,0.00,0,0
1579470576,s3-eth2,152662.00,6246764.00,6399426.00,6246764,152662,2063.00,4126.00,6189.00,4126,2063,0.00,0.00,0,0
1579470576,s3-eth1,6246764.00,152588.00,6399352.00,152588,6246764,4126.00,2062.00,6188.00,2062,4126,0.00,0.00,0,0
1579470576,total,19198204.00,19198508.00,38396712.00,19198509,19198204,18566.00,18567.00,37133.00,18567,18566,0.00,0.00,0,0
1579470577,s1,0.00,0.00,0.00,0,0,0.00,0.00,0.00,0,0,0.00,0.00,0,0
1579470577,eth0,0.00,0.00,0.00,0,0,0.00,0.00,0.00,0,0,0.00,0.00,0,0
1579470577,eth1,0.00,305.00,305.00,305,0,0.00,1.00,1.00,1,0,0.00,0.00,0,0
1579470577,s2,0.00,342.00,342.00,342,0,0.00,1.00,1.00,1,0,0.00,0.00,0,0
1579470577,s1-eth2,151080.00,6166522.00,6317602.00,6166522,151080,2038.00,4073.00,6111.00,4073,2038,0.00,0.00,0,0
1579470577,s1-eth1,6166864.00,150738.00,6317602.00,150738,6166864,4074.00,2037.00,6111.00,2037,4074,0.00,0.00,0,0
1579470577,s3,0.00,342.00,342.00,342,0,0.00,1.00,1.00,1,0,0.00,0.00,0,0
1579470577,s2-eth2,151080.00,6171064.00,6322144.00,6171064,151080,2038.00,4076.00,6114.00,4076,2038,0.00,0.00,0,0
1579470577,s2-eth1,6166522.00,151080.00,6317602.00,151080,6166522,4073.00,2038.00,6111.00,2038,4073,0.00,0.00,0,0
1579470577,lo,652.00,652.00,1304.00,652,652,6.00,6.00,12.00,6,6,0.00,0.00,0,0
1579470577,s3-eth2,151080.00,6166522.00,6317602.00,6166522,151080,2038.00,4073.00,6111.00,4073,2038,0.00,0.00,0,0
1579470577,s3-eth1,6171064.00,151080.00,6322144.00,151080,6171064,4076.00,2038.00,6114.00,2038,4076,0.00,0.00,0,0
1579470577,total,18958342.00,18958648.00,37916988.00,18958647,18958342,18343.00,18344.00,36687.00,18344,18343,0.00,0.00,0,0
1579470578,s1,0.00,0.00,0.00,0,0,0.00,0.00,0.00,0,0,0.00,0.00,0,0
1579470578,eth0,0.00,0.00,0.00,0,0,0.00,0.00,0.00,0,0,0.00,0.00,0,0
1579470578,eth1,0.00,305.00,305.00,305,0,0.00,1.00,1.00,1,0,0.00,0.00,0,0
1579470578,s2,0.00,0.00,0.00,0,0,0.00,0.00,0.00,0,0,0.00,0.00,0,0
1579470578,s1-eth2,152440.00,6239194.00,6391634.00,6239194,152440,2060.00,4121.00,6181.00,4121,2060,0.00,0.00,0,0
1579470578,s1-eth1,6239194.00,152440.00,6391634.00,152440,6239194,4121.00,2060.00,6181.00,2060,4121,0.00,0.00,0,0
1579470578,s3,0.00,0.00,0.00,0,0,0.00,0.00,0.00,0,0,0.00,0.00,0,0
1579470578,s2-eth2,152440.00,6239194.00,6391634.00,6239194,152440,2060.00,4121.00,6181.00,4121,2060,0.00,0.00,0,0
1579470578,s2-eth1,6239194.00,152440.00,6391634.00,152440,6239194,4121.00,2060.00,6181.00,2060,4121,0.00,0.00,0,0
1579470578,lo,0.00,0.00,0.00,0,0,0.00,0.00,0.00,0,0,0.00,0.00,0,0
1579470578,s3-eth2,152440.00,6239194.00,6391634.00,6239194,152440,2060.00,4121.00,6181.00,4121,2060,0.00,0.00,0,0
1579470578,s3-eth1,6239194.00,152440.00,6391634.00,152440,6239194,4121.00,2060.00,6181.00,2060,4121,0.00,0.00,0,0
1579470578,total,19174902.00,19175208.00,38350108.00,19175207,19174902,18543.00,18544.00,37087.00,18544,18543,0.00,0.00,0,0
1579470579,s1,0.00,0.00,0.00,0,0,0.00,0.00,0.00,0,0,0.00,0.00,0,0
1579470579,eth0,0.00,0.00,0.00,0,0,0.00,0.00,0.00,0,0,0.00,0.00,0,0
1579470579,eth1,0.00,305.00,305.00,305,0,0.00,1.00,1.00,1,0,0.00,0.00,0,0
1579470579,s2,0.00,0.00,0.00,0,0,0.00,0.00,0.00,0,0,0.00,0.00,0,0
1579470579,s1-eth2,150442.00,6154410.00,6304852.00,6154410,150442,2033.00,4065.00,6098.00,4065,2033,0.00,0.00,0,0
1579470579,s1-eth1,6154410.00,150442.00,6304852.00,150442,6154410,4065.00,2033.00,6098.00,2033,4065,0.00,0.00,0,0
1579470579,s3,0.00,342.00,342.00,342,0,0.00,1.00,1.00,1,0,0.00,0.00,0,0
1579470579,s2-eth2,150784.00,6154410.00,6305194.00,6154410,150784,2034.00,4065.00,6099.00,4065,2034,0.00,0.00,0,0
1579470579,s2-eth1,6154410.00,150442.00,6304852.00,150442,6154410,4065.00,2033.00,6098.00,2033,4065,0.00,0.00,0,0
1579470579,lo,498.00,498.00,996.00,498,498,6.00,6.00,12.00,6,6,0.00,0.00,0,0
1579470579,s3-eth2,150710.00,6152896.00,6303606.00,6152896,150710,2033.00,4064.00,6097.00,4064,2033,0.00,0.00,0,0
1579470579,s3-eth1,6154410.00,150784.00,6305194.00,150784,6154410,4065.00,2034.00,6099.00,2034,4065,0.00,0.00,0,0
1579470579,total,18915664.00,18914528.00,37830192.00,18914529,18915664,18301.00,18302.00,36603.00,18302,18301,0.00,0.00,0,0
1579470580,s1,0.00,0.00,0.00,0,0,0.00,0.00,0.00,0,0,0.00,0.00,0,0
1579470580,eth0,0.00,0.00,0.00,0,0,0.00,0.00,0.00,0,0,0.00,0.00,0,0
1579470580,eth1,0.00,305.00,305.00,305,0,0.00,1.00,1.00,1,0,0.00,0.00,0,0
1579470580,s2,0.00,0.00,0.00,0,0,0.00,0.00,0.00,0,0,0.00,0.00,0,0
1579470580,s1-eth2,151108.00,6181662.00,6332770.00,6181662,151108,2042.00,4083.00,6125.00,4083,2042,0.00,0.00,0,0
1579470580,s1-eth1,6183176.00,151108.00,6334284.00,151108,6183176,4084.00,2042.00,6126.00,2042,4084,0.00,0.00,0,0
1579470580,s3,0.00,0.00,0.00,0,0,0.00,0.00,0.00,0,0,0.00,0.00,0,0
1579470580,s2-eth2,151108.00,6181662.00,6332770.00,6181662,151108,2042.00,4083.00,6125.00,4083,2042,0.00,0.00,0,0
1579470580,s2-eth1,6181662.00,151108.00,6332770.00,151108,6181662,4083.00,2042.00,6125.00,2042,4083,0.00,0.00,0,0
1579470580,lo,0.00,0.00,0.00,0,0,0.00,0.00,0.00,0,0,0.00,0.00,0,0
1579470580,s3-eth2,151182.00,6183176.00,6334358.00,6183176,151182,2043.00,4084.00,6127.00,4084,2043,0.00,0.00,0,0
1579470580,s3-eth1,6181662.00,151108.00,6332770.00,151108,6181662,4083.00,2042.00,6125.00,2042,4083,0.00,0.00,0,0
1579470580,total,18999898.00,19000128.00,38000028.00,19000129,18999898,18377.00,18377.00,36754.00,18377,18377,0.00,0.00,0,0
1579470581,s1,0.00,0.00,0.00,0,0,0.00,0.00,0.00,0,0,0.00,0.00,0,0
1579470581,eth0,0.00,0.00,0.00,0,0,0.00,0.00,0.00,0,0,0.00,0.00,0,0
1579470581,eth1,0.00,305.00,305.00,305,0,0.00,1.00,1.00,1,0,0.00,0.00,0,0
1579470581,s2,0.00,0.00,0.00,0,0,0.00,0.00,0.00,0,0,0.00,0.00,0,0
1579470581,s1-eth2,152440.00,6236166.00,6388606.00,6236166,152440,2060.00,4119.00,6179.00,4119,2060,0.00,0.00,0,0
1579470581,s1-eth1,6236166.00,152366.00,6388532.00,152366,6236166,4119.00,2059.00,6178.00,2059,4119,0.00,0.00,0,0
1579470581,s3,0.00,0.00,0.00,0,0,0.00,0.00,0.00,0,0,0.00,0.00,0,0
1579470581,s2-eth2,152440.00,6236166.00,6388606.00,6236166,152440,2060.00,4119.00,6179.00,4119,2060,0.00,0.00,0,0
1579470581,s2-eth1,6236166.00,152440.00,6388606.00,152440,6236166,4119.00,2060.00,6179.00,2060,4119,0.00,0.00,0,0
1579470581,lo,0.00,0.00,0.00,0,0,0.00,0.00,0.00,0,0,0.00,0.00,0,0
1579470581,s3-eth2,152440.00,6231624.00,6384064.00,6231624,152440,2060.00,4116.00,6176.00,4116,2060,0.00,0.00,0,0
1579470581,s3-eth1,6236166.00,152440.00,6388606.00,152440,6236166,4119.00,2060.00,6179.00,2060,4119,0.00,0.00,0,0
1579470581,total,19165818.00,19161508.00,38327324.00,19161507,19165818,18537.00,18534.00,37071.00,18534,18537,0.00,0.00,0,0
1579470582,s1,0.00,342.00,342.00,342,0,0.00,1.00,1.00,1,0,0.00,0.00,0,0
1579470582,eth0,0.00,0.00,0.00,0,0,0.00,0.00,0.00,0,0,0.00,0.00,0,0
1579470582,eth1,0.00,305.00,305.00,305,0,0.00,1.00,1.00,1,0,0.00,0.00,0,0
1579470582,s2,0.00,0.00,0.00,0,0,0.00,0.00,0.00,0,0,0.00,0.00,0,0
1579470582,s1-eth2,152070.00,6225910.00,6377980.00,6225910,152070,2055.00,4113.00,6168.00,4113,2055,0.00,0.00,0,0
1579470582,s1-eth1,6225910.00,152144.00,6378054.00,152144,6225910,4113.00,2056.00,6169.00,2056,4113,0.00,0.00,0,0
1579470582,s3,0.00,0.00,0.00,0,0,0.00,0.00,0.00,0,0,0.00,0.00,0,0
1579470582,s2-eth2,152144.00,6225568.00,6377712.00,6225568,152144,2056.00,4112.00,6168.00,4112,2056,0.00,0.00,0,0
1579470582,s2-eth1,6225910.00,152070.00,6377980.00,152070,6225910,4113.00,2055.00,6168.00,2055,4113,0.00,0.00,0,0
1579470582,lo,498.00,498.00,996.00,498,498,6.00,6.00,12.00,6,6,0.00,0.00,0,0
1579470582,s3-eth2,152070.00,6225568.00,6377638.00,6225568,152070,2055.00,4112.00,6167.00,4112,2055,0.00,0.00,0,0
1579470582,s3-eth1,6225568.00,152144.00,6377712.00,152144,6225568,4112.00,2056.00,6168.00,2056,4112,0.00,0.00,0,0
1579470582,total,19134170.00,19134548.00,38268720.00,19134549,19134170,18510.00,18512.00,37022.00,18512,18510,0.00,0.00,0,0
1579470583,s1,0.00,0.00,0.00,0,0,0.00,0.00,0.00,0,0,0.00,0.00,0,0
1579470583,eth0,0.00,0.00,0.00,0,0,0.00,0.00,0.00,0,0,0.00,0.00,0,0
1579470583,eth1,0.00,305.00,305.00,305,0,0.00,1.00,1.00,1,0,0.00,0.00,0,0
1579470583,s2,0.00,0.00,0.00,0,0,0.00,0.00,0.00,0,0,0.00,0.00,0,0
1579470583,s1-eth2,152588.00,6243736.00,6396324.00,6243736,152588,2062.00,4124.00,6186.00,4124,2062,0.00,0.00,0,0
1579470583,s1-eth1,6243736.00,152588.00,6396324.00,152588,6243736,4124.00,2062.00,6186.00,2062,4124,0.00,0.00,0,0
1579470583,s3,0.00,0.00,0.00,0,0,0.00,0.00,0.00,0,0,0.00,0.00,0,0
1579470583,s2-eth2,152588.00,6245250.00,6397838.00,6245250,152588,2062.00,4125.00,6187.00,4125,2062,0.00,0.00,0,0
1579470583,s2-eth1,6243736.00,152588.00,6396324.00,152588,6243736,4124.00,2062.00,6186.00,2062,4124,0.00,0.00,0,0
1579470583,lo,0.00,0.00,0.00,0,0,0.00,0.00,0.00,0,0,0.00,0.00,0,0
1579470583,s3-eth2,152588.00,6245250.00,6397838.00,6245250,152588,2062.00,4125.00,6187.00,4125,2062,0.00,0.00,0,0
1579470583,s3-eth1,6245250.00,152588.00,6397838.00,152588,6245250,4125.00,2062.00,6187.00,2062,4125,0.00,0.00,0,0
1579470583,total,19190486.00,19192304.00,38382792.00,19192305,19190486,18559.00,18561.00,37120.00,18561,18559,0.00,0.00,0,0
1579470584,s1,0.00,0.00,0.00,0,0,0.00,0.00,0.00,0,0,0.00,0.00,0,0
1579470584,eth0,0.00,0.00,0.00,0,0,0.00,0.00,0.00,0,0,0.00,0.00,0,0
1579470584,eth1,0.00,305.00,305.00,305,0,0.00,1.00,1.00,1,0,0.00,0.00,0,0
1579470584,s2,0.00,0.00,0.00,0,0,0.00,0.00,0.00,0,0,0.00,0.00,0,0
1579470584,s1-eth2,150706.00,6165050.00,6315756.00,6165050,150706,2037.00,4073.00,6110.00,4073,2037,0.00,0.00,0,0
1579470584,s1-eth1,6163536.00,150632.00,6314168.00,150632,6163536,4072.00,2036.00,6108.00,2036,4072,0.00,0.00,0,0
1579470584,s3,0.00,0.00,0.00,0,0,0.00,0.00,0.00,0,0,0.00,0.00,0,0
1579470584,s2-eth2,150632.00,6165050.00,6315682.00,6165050,150632,2036.00,4073.00,6109.00,4073,2036,0.00,0.00,0,0
1579470584,s2-eth1,6165050.00,150706.00,6315756.00,150706,6165050,4073.00,2037.00,6110.00,2037,4073,0.00,0.00,0,0
1579470584,lo,1060.00,1060.00,2120.00,1060,1060,12.00,12.00,24.00,12,12,0.00,0.00,0,0
1579470584,s3-eth2,150632.00,6165050.00,6315682.00,6165050,150632,2036.00,4073.00,6109.00,4073,2036,0.00,0.00,0,0
1579470584,s3-eth1,6165050.00,150632.00,6315682.00,150632,6165050,4073.00,2036.00,6109.00,2036,4073,0.00,0.00,0,0
1579470584,total,18946666.00,18948484.00,37895152.00,18948485,18946666,18339.00,18341.00,36680.00,18341,18339,0.00,0.00,0,0
1579470585,s1,0.00,0.00,0.00,0,0,0.00,0.00,0.00,0,0,0.00,0.00,0,0
1579470585,eth0,0.00,0.00,0.00,0,0,0.00,0.00,0.00,0,0,0.00,0.00,0,0
1579470585,eth1,0.00,305.00,305.00,305,0,0.00,1.00,1.00,1,0,0.00,0.00,0,0
1579470585,s2,0.00,0.00,0.00,0,0,0.00,0.00,0.00,0,0,0.00,0.00,0,0
1579470585,s1-eth2,152588.00,6243736.00,6396324.00,6243736,152588,2062.00,4124.00,6186.00,4124,2062,0.00,0.00,0,0
1579470585,s1-eth1,6243736.00,152662.00,6396398.00,152662,6243736,4124.00,2063.00,6187.00,2063,4124,0.00,0.00,0,0
1579470585,s3,0.00,0.00,0.00,0,0,0.00,0.00,0.00,0,0,0.00,0.00,0,0
1579470585,s2-eth2,152588.00,6243736.00,6396324.00,6243736,152588,2062.00,4124.00,6186.00,4124,2062,0.00,0.00,0,0
1579470585,s2-eth1,6243736.00,152588.00,6396324.00,152588,6243736,4124.00,2062.00,6186.00,2062,4124,0.00,0.00,0,0
1579470585,lo,0.00,0.00,0.00,0,0,0.00,0.00,0.00,0,0,0.00,0.00,0,0
1579470585,s3-eth2,152662.00,6243736.00,6396398.00,6243736,152662,2063.00,4124.00,6187.00,4124,2063,0.00,0.00,0,0
1579470585,s3-eth1,6243736.00,152588.00,6396324.00,152588,6243736,4124.00,2062.00,6186.00,2062,4124,0.00,0.00,0,0
1579470585,total,19189046.00,19189352.00,38378396.00,19189351,19189046,18559.00,18560.00,37119.00,18560,18559,0.00,0.00,0,0
1579470586,s1,0.00,342.00,342.00,342,0,0.00,1.00,1.00,1,0,0.00,0.00,0,0
1579470586,eth0,0.00,0.00,0.00,0,0,0.00,0.00,0.00,0,0,0.00,0.00,0,0
1579470586,eth1,0.00,305.00,305.00,305,0,0.00,1.00,1.00,1,0,0.00,0.00,0,0
1579470586,s2,0.00,342.00,342.00,342,0,0.00,1.00,1.00,1,0,0.00,0.00,0,0
1579470586,s1-eth2,152662.00,6247106.00,6399768.00,6247106,152662,2063.00,4127.00,6190.00,4127,2063,0.00,0.00,0,0
1579470586,s1-eth1,6248962.00,152662.00,6401624.00,152662,6248962,4129.00,2063.00,6192.00,2063,4129,0.00,0.00,0,0
1579470586,s3,0.00,0.00,0.00,0,0,0.00,0.00,0.00,0,0,0.00,0.00,0,0
1579470586,s2-eth2,152736.00,6247106.00,6399842.00,6247106,152736,2064.00,4127.00,6191.00,4127,2064,0.00,0.00,0,0
1579470586,s2-eth1,6248620.00,152736.00,6401356.00,152736,6248620,4128.00,2064.00,6192.00,2064,4128,0.00,0.00,0,0
1579470586,lo,652.00,652.00,1304.00,652,652,6.00,6.00,12.00,6,6,0.00,0.00,0,0
1579470586,s3-eth2,152662.00,6248278.00,6400940.00,6248278,152662,2063.00,4127.00,6190.00,4127,2063,0.00,0.00,0,0
1579470586,s3-eth1,6247106.00,152736.00,6399842.00,152736,6247106,4127.00,2064.00,6191.00,2064,4127,0.00,0.00,0,0
1579470586,total,19203400.00,19202264.00,38405664.00,19202265,19203400,18580.00,18581.00,37161.00,18581,18580,0.00,0.00,0,0
1579470587,s1,0.00,0.00,0.00,0,0,0.00,0.00,0.00,0,0,0.00,0.00,0,0
1579470587,eth0,0.00,0.00,0.00,0,0,0.00,0.00,0.00,0,0,0.00,0.00,0,0
1579470587,eth1,0.00,305.00,305.00,305,0,0.00,1.00,1.00,1,0,0.00,0.00,0,0
1579470587,s2,0.00,0.00,0.00,0,0,0.00,0.00,0.00,0,0,0.00,0.00,0,0
1579470587,s1-eth2,150886.00,6175606.00,6326492.00,6175606,150886,2039.00,4079.00,6118.00,4079,2039,0.00,0.00,0,0
1579470587,s1-eth1,6174092.00,150886.00,6324978.00,150886,6174092,4078.00,2039.00,6117.00,2039,4078,0.00,0.00,0,0
1579470587,s3,0.00,0.00,0.00,0,0,0.00,0.00,0.00,0,0,0.00,0.00,0,0
1579470587,s2-eth2,150886.00,6172578.00,6323464.00,6172578,150886,2039.00,4077.00,6116.00,4077,2039,0.00,0.00,0,0
1579470587,s2-eth1,6174092.00,150812.00,6324904.00,150812,6174092,4078.00,2038.00,6116.00,2038,4078,0.00,0.00,0,0
1579470587,lo,0.00,0.00,0.00,0,0,0.00,0.00,0.00,0,0,0.00,0.00,0,0
1579470587,s3-eth2,150886.00,6171064.00,6321950.00,6171064,150886,2039.00,4076.00,6115.00,4076,2039,0.00,0.00,0,0
1579470587,s3-eth1,6172578.00,150886.00,6323464.00,150886,6172578,4077.00,2039.00,6116.00,2039,4077,0.00,0.00,0,0
1579470587,total,18973420.00,18972136.00,37945556.00,18972137,18973420,18350.00,18349.00,36699.00,18349,18350,0.00,0.00,0,0
1579470588,s1,0.00,0.00,0.00,0,0,0.00,0.00,0.00,0,0,0.00,0.00,0,0
1579470588,eth0,0.00,0.00,0.00,0,0,0.00,0.00,0.00,0,0,0.00,0.00,0,0
1579470588,eth1,0.00,305.00,305.00,305,0,0.00,1.00,1.00,1,0,0.00,0.00,0,0
1579470588,s2,0.00,0.00,0.00,0,0,0.00,0.00,0.00,0,0,0.00,0.00,0,0
1579470588,s1-eth2,152736.00,6248278.00,6401014.00,6248278,152736,2064.00,4127.00,6191.00,4127,2064,0.00,0.00,0,0
1579470588,s1-eth1,6248278.00,152736.00,6401014.00,152736,6248278,4127.00,2064.00,6191.00,2064,4127,0.00,0.00,0,0
1579470588,s3,0.00,0.00,0.00,0,0,0.00,0.00,0.00,0,0,0.00,0.00,0,0
1579470588,s2-eth2,152662.00,6248278.00,6400940.00,6248278,152662,2063.00,4127.00,6190.00,4127,2063,0.00,0.00,0,0
1579470588,s2-eth1,6248278.00,152736.00,6401014.00,152736,6248278,4127.00,2064.00,6191.00,2064,4127,0.00,0.00,0,0
1579470588,lo,0.00,0.00,0.00,0,0,0.00,0.00,0.00,0,0,0.00,0.00,0,0
1579470588,s3-eth2,152736.00,6249792.00,6402528.00,6249792,152736,2064.00,4128.00,6192.00,4128,2064,0.00,0.00,0,0
1579470588,s3-eth1,6248278.00,152662.00,6400940.00,152662,6248278,4127.00,2063.00,6190.00,2063,4127,0.00,0.00,0,0
1579470588,total,19202968.00,19204788.00,38407756.00,19204787,19202968,18572.00,18574.00,37146.00,18574,18572,0.00,0.00,0,0
1579470589,s1,0.00,107.00,107.00,107,0,0.00,1.00,1.00,1,0,0.00,0.00,0,0
1579470589,eth0,0.00,0.00,0.00,0,0,0.00,0.00,0.00,0,0,0.00,0.00,0,0
1579470589,eth1,0.00,305.00,305.00,305,0,0.00,1.00,1.00,1,0,0.00,0.00,0,0
1579470589,s2,0.00,0.00,0.00,0,0,0.00,0.00,0.00,0,0,0.00,0.00,0,0
1579470589,s1-eth2,152440.00,6239301.00,6391741.00,6239301,152440,2060.00,4122.00,6182.00,4122,2060,0.00,0.00,0,0
1579470589,s1-eth1,6239301.00,152440.00,6391741.00,152440,6239301,4122.00,2060.00,6182.00,2060,4122,0.00,0.00,0,0
1579470589,s3,0.00,0.00,0.00,0,0,0.00,0.00,0.00,0,0,0.00,0.00,0,0
1579470589,s2-eth2,152588.00,6239194.00,6391782.00,6239194,152588,2062.00,4121.00,6183.00,4121,2062,0.00,0.00,0,0
1579470589,s2-eth1,6239301.00,152440.00,6391741.00,152440,6239301,4122.00,2060.00,6182.00,2060,4122,0.00,0.00,0,0
1579470589,lo,477.00,477.00,954.00,477,477,6.00,6.00,12.00,6,6,0.00,0.00,0,0
1579470589,s3-eth2,152514.00,6239194.00,6391708.00,6239194,152514,2061.00,4121.00,6182.00,4121,2061,0.00,0.00,0,0
1579470589,s3-eth1,6239194.00,152588.00,6391782.00,152588,6239194,4121.00,2062.00,6183.00,2062,4121,0.00,0.00,0,0
1579470589,total,19175816.00,19176046.00,38351860.00,19176046,19175815,18554.00,18554.00,37108.00,18554,18554,0.00,0.00,0,0
1579470590,s1,0.00,107.00,107.00,107,0,0.00,1.00,1.00,1,0,0.00,0.00,0,0
1579470590,eth0,0.00,0.00,0.00,0,0,0.00,0.00,0.00,0,0,0.00,0.00,0,0
1579470590,eth1,0.00,305.00,305.00,305,0,0.00,1.00,1.00,1,0,0.00,0.00,0,0
1579470590,s2,0.00,214.00,214.00,214,0,0.00,2.00,2.00,2,0,0.00,0.00,0,0
1579470590,s1-eth2,147737.00,6039453.00,6187190.00,6039453,147737,1996.00,3990.00,5986.00,3990,1996,0.00,0.00,0,0
1579470590,s1-eth1,6038046.00,147556.00,6185602.00,147556,6038046,3990.00,1994.00,5984.00,1994,3990,0.00,0.00,0,0
1579470590,s3,0.00,214.00,214.00,214,0,0.00,2.00,2.00,2,0,0.00,0.00,0,0
1579470590,s2-eth2,147696.00,6039453.00,6187149.00,6039453,147696,1995.00,3990.00,5985.00,3990,1995,0.00,0.00,0,0
1579470590,s2-eth1,6039453.00,147737.00,6187190.00,147737,6039453,3990.00,1996.00,5986.00,1996,3990,0.00,0.00,0,0
1579470590,lo,1697.00,1697.00,3394.00,1697,1697,18.00,18.00,36.00,18,18,0.00,0.00,0,0
1579470590,s3-eth2,147803.00,6042374.00,6190177.00,6042374,147803,1996.00,3991.00,5987.00,3991,1996,0.00,0.00,0,0
1579470590,s3-eth1,6039453.00,147696.00,6187149.00,147696,6039453,3990.00,1995.00,5985.00,1995,3990,0.00,0.00,0,0
1579470590,total,18561884.00,18566806.00,37128692.00,18566806,18561885,17975.00,17980.00,35955.00,17980,17975,0.00,0.00,0,0
1579470591,s1,0.00,0.00,0.00,0,0,0.00,0.00,0.00,0,0,0.00,0.00,0,0
1579470591,eth0,0.00,0.00,0.00,0,0,0.00,0.00,0.00,0,0,0.00,0.00,0,0
1579470591,eth1,0.00,305.00,305.00,305,0,0.00,1.00,1.00,1,0,0.00,0.00,0,0
1579470591,s2,0.00,0.00,0.00,0,0,0.00,0.00,0.00,0,0,0.00,0.00,0,0
1579470591,s1-eth2,151626.00,6208914.00,6360540.00,6208914,151626,2049.00,4101.00,6150.00,4101,2049,0.00,0.00,0,0
1579470591,s1-eth1,6207400.00,151700.00,6359100.00,151700,6207400,4100.00,2050.00,6150.00,2050,4100,0.00,0.00,0,0
1579470591,s3,0.00,0.00,0.00,0,0,0.00,0.00,0.00,0,0,0.00,0.00,0,0
1579470591,s2-eth2,151700.00,6208914.00,6360614.00,6208914,151700,2050.00,4101.00,6151.00,4101,2050,0.00,0.00,0,0
1579470591,s2-eth1,6208914.00,151626.00,6360540.00,151626,6208914,4101.00,2049.00,6150.00,2049,4101,0.00,0.00,0,0
1579470591,lo,0.00,0.00,0.00,0,0,0.00,0.00,0.00,0,0,0.00,0.00,0,0
1579470591,s3-eth2,151700.00,6208914.00,6360614.00,6208914,151700,2050.00,4101.00,6151.00,4101,2050,0.00,0.00,0,0
1579470591,s3-eth1,6208914.00,151700.00,6360614.00,151700,6208914,4101.00,2050.00,6151.00,2050,4101,0.00,0.00,0,0
1579470591,total,19080254.00,19082072.00,38162328.00,19082073,19080254,18451.00,18453.00,36904.00,18453,18451,0.00,0.00,0,0
1579470592,s1,0.00,342.00,342.00,342,0,0.00,1.00,1.00,1,0,0.00,0.00,0,0
1579470592,eth0,0.00,0.00,0.00,0,0,0.00,0.00,0.00,0,0,0.00,0.00,0,0
1579470592,eth1,0.00,305.00,305.00,305,0,0.00,1.00,1.00,1,0,0.00,0.00,0,0
1579470592,s2,0.00,0.00,0.00,0,0,0.00,0.00,0.00,0,0,0.00,0.00,0,0
1579470592,s1-eth2,149184.00,6101762.00,6250946.00,6101762,149184,2016.00,4031.00,6047.00,4031,2016,0.00,0.00,0,0
1579470592,s1-eth1,6103276.00,149184.00,6252460.00,149184,6103276,4032.00,2016.00,6048.00,2016,4032,0.00,0.00,0,0
1579470592,s3,0.00,342.00,342.00,342,0,0.00,1.00,1.00,1,0,0.00,0.00,0,0
1579470592,s2-eth2,149452.00,6096878.00,6246330.00,6096878,149452,2016.00,4027.00,6043.00,4027,2016,0.00,0.00,0,0
1579470592,s2-eth1,6101762.00,149184.00,6250946.00,149184,6101762,4031.00,2016.00,6047.00,2016,4031,0.00,0.00,0,0
1579470592,lo,652.00,652.00,1304.00,652,652,6.00,6.00,12.00,6,6,0.00,0.00,0,0
1579470592,s3-eth2,149526.00,6092336.00,6241862.00,6092336,149526,2017.00,4024.00,6041.00,4024,2017,0.00,0.00,0,0
1579470592,s3-eth1,6096878.00,149452.00,6246330.00,149452,6096878,4027.00,2016.00,6043.00,2016,4027,0.00,0.00,0,0
1579470592,total,18750730.00,18740436.00,37491168.00,18740437,18750730,18145.00,18139.00,36284.00,18139,18145,0.00,0.00,0,0
1579470593,s1,0.00,0.00,0.00,0,0,0.00,0.00,0.00,0,0,0.00,0.00,0,0
1579470593,eth0,0.00,0.00,0.00,0,0,0.00,0.00,0.00,0,0,0.00,0.00,0,0
1579470593,eth1,0.00,305.00,305.00,305,0,0.00,1.00,1.00,1,0,0.00,0.00,0,0
1579470593,s2,0.00,0.00,0.00,0,0,0.00,0.00,0.00,0,0,0.00,0.00,0,0
1579470593,s1-eth2,151256.00,6187718.00,6338974.00,6187718,151256,2044.00,4087.00,6131.00,4087,2044,0.00,0.00,0,0
1579470593,s1-eth1,6190746.00,151256.00,6342002.00,151256,6190746,4089.00,2044.00,6133.00,2044,4089,0.00,0.00,0,0
1579470593,s3,0.00,0.00,0.00,0,0,0.00,0.00,0.00,0,0,0.00,0.00,0,0
1579470593,s2-eth2,151256.00,6187718.00,6338974.00,6187718,151256,2044.00,4087.00,6131.00,4087,2044,0.00,0.00,0,0
1579470593,s2-eth1,6187718.00,151256.00,6338974.00,151256,6187718,4087.00,2044.00,6131.00,2044,4087,0.00,0.00,0,0
1579470593,lo,0.00,0.00,0.00,0,0,0.00,0.00,0.00,0,0,0.00,0.00,0,0
1579470593,s3-eth2,151256.00,6187718.00,6338974.00,6187718,151256,2044.00,4087.00,6131.00,4087,2044,0.00,0.00,0,0
1579470593,s3-eth1,6187718.00,151256.00,6338974.00,151256,6187718,4087.00,2044.00,6131.00,2044,4087,0.00,0.00,0,0
1579470593,total,19019950.00,19017228.00,38037176.00,19017227,19019950,18395.00,18394.00,36789.00,18394,18395,0.00,0.00,0,0
1579470594,s1,0.00,0.00,0.00,0,0,0.00,0.00,0.00,0,0,0.00,0.00,0,0
1579470594,eth0,0.00,0.00,0.00,0,0,0.00,0.00,0.00,0,0,0.00,0.00,0,0
1579470594,eth1,0.00,305.00,305.00,305,0,0.00,1.00,1.00,1,0,0.00,0.00,0,0
1579470594,s2,0.00,0.00,0.00,0,0,0.00,0.00,0.00,0,0,0.00,0.00,0,0
1579470594,s1-eth2,148222.00,6063570.00,6211792.00,6063570,148222,2003.00,4005.00,6008.00,4005,2003,0.00,0.00,0,0
1579470594,s1-eth1,6063570.00,148222.00,6211792.00,148222,6063570,4005.00,2003.00,6008.00,2003,4005,0.00,0.00,0,0
1579470594,s3,0.00,0.00,0.00,0,0,0.00,0.00,0.00,0,0,0.00,0.00,0,0
1579470594,s2-eth2,148222.00,6065084.00,6213306.00,6065084,148222,2003.00,4006.00,6009.00,4006,2003,0.00,0.00,0,0
1579470594,s2-eth1,6063570.00,148222.00,6211792.00,148222,6063570,4005.00,2003.00,6008.00,2003,4005,0.00,0.00,0,0
1579470594,lo,0.00,0.00,0.00,0,0,0.00,0.00,0.00,0,0,0.00,0.00,0,0
1579470594,s3-eth2,148148.00,6068112.00,6216260.00,6068112,148148,2002.00,4008.00,6010.00,4008,2002,0.00,0.00,0,0
1579470594,s3-eth1,6065084.00,148222.00,6213306.00,148222,6065084,4006.00,2003.00,6009.00,2003,4006,0.00,0.00,0,0
1579470594,total,18636816.00,18641736.00,37278552.00,18641737,18636816,18024.00,18029.00,36053.00,18029,18024,0.00,0.00,0,0
1579470595,s1,0.00,0.00,0.00,0,0,0.00,0.00,0.00,0,0,0.00,0.00,0,0
1579470595,eth0,0.00,0.00,0.00,0,0,0.00,0.00,0.00,0,0,0.00,0.00,0,0
1579470595,eth1,0.00,305.00,305.00,305,0,0.00,1.00,1.00,1,0,0.00,0.00,0,0
1579470595,s2,0.00,342.00,342.00,342,0,0.00,1.00,1.00,1,0,0.00,0.00,0,0
1579470595,s1-eth2,153078.00,6248278.00,6401356.00,6248278,153078,2065.00,4127.00,6192.00,4127,2065,0.00,0.00,0,0
1579470595,s1-eth1,6248278.00,152662.00,6400940.00,152662,6248278,4127.00,2063.00,6190.00,2063,4127,0.00,0.00,0,0
1579470595,s3,0.00,342.00,342.00,342,0,0.00,1.00,1.00,1,0,0.00,0.00,0,0
1579470595,s2-eth2,153152.00,6248278.00,6401430.00,6248278,153152,2066.00,4127.00,6193.00,4127,2066,0.00,0.00,0,0
1579470595,s2-eth1,6248278.00,153078.00,6401356.00,153078,6248278,4127.00,2065.00,6192.00,2065,4127,0.00,0.00,0,0
1579470595,lo,824.00,824.00,1648.00,824,824,9.00,9.00,18.00,9,9,0.00,0.00,0,0
1579470595,s3-eth2,153152.00,6249792.00,6402944.00,6249792,153152,2066.00,4128.00,6194.00,4128,2066,0.00,0.00,0,0
1579470595,s3-eth1,6249792.00,153152.00,6402944.00,153152,6249792,4128.00,2066.00,6194.00,2066,4128,0.00,0.00,0,0
1579470595,total,19206554.00,19207052.00,38413608.00,19207053,19206554,18588.00,18588.00,37176.00,18588,18588,0.00,0.00,0,0
1579470596,s1,0.00,0.00,0.00,0,0,0.00,0.00,0.00,0,0,0.00,0.00,0,0
1579470596,eth0,0.00,0.00,0.00,0,0,0.00,0.00,0.00,0,0,0.00,0.00,0,0
1579470596,eth1,0.00,305.00,305.00,305,0,0.00,1.00,1.00,1,0,0.00,0.00,0,0
1579470596,s2,0.00,0.00,0.00,0,0,0.00,0.00,0.00,0,0,0.00,0.00,0,0
1579470596,s1-eth2,152514.00,6242222.00,6394736.00,6242222,152514,2061.00,4123.00,6184.00,4123,2061,0.00,0.00,0,0
1579470596,s1-eth1,6242222.00,152514.00,6394736.00,152514,6242222,4123.00,2061.00,6184.00,2061,4123,0.00,0.00,0,0
1579470596,s3,0.00,0.00,0.00,0,0,0.00,0.00,0.00,0,0,0.00,0.00,0,0
1579470596,s2-eth2,152514.00,6242222.00,6394736.00,6242222,152514,2061.00,4123.00,6184.00,4123,2061,0.00,0.00,0,0
1579470596,s2-eth1,6242222.00,152514.00,6394736.00,152514,6242222,4123.00,2061.00,6184.00,2061,4123,0.00,0.00,0,0
1579470596,lo,172.00,172.00,344.00,172,172,3.00,3.00,6.00,3,3,0.00,0.00,0,0
1579470596,s3-eth2,152514.00,6240708.00,6393222.00,6240708,152514,2061.00,4122.00,6183.00,4122,2061,0.00,0.00,0,0
1579470596,s3-eth1,6240708.00,152514.00,6393222.00,152514,6240708,4122.00,2061.00,6183.00,2061,4122,0.00,0.00,0,0
1579470596,total,19182866.00,19183172.00,38366036.00,19183171,19182866,18554.00,18555.00,37109.00,18555,18554,0.00,0.00,0,0
1579470597,s1,0.00,0.00,0.00,0,0,0.00,0.00,0.00,0,0,0.00,0.00,0,0
1579470597,eth0,107.00,0.00,107.00,0,107,1.00,0.00,1.00,0,1,0.00,0.00,0,0
1579470597,eth1,0.00,305.00,305.00,305,0,0.00,1.00,1.00,1,0,0.00,0.00,0,0
1579470597,s2,0.00,0.00,0.00,0,0,0.00,0.00,0.00,0,0,0.00,0.00,0,0
1579470597,s1-eth2,150960.00,6177120.00,6328080.00,6177120,150960,2040.00,4080.00,6120.00,4080,2040,0.00,0.00,0,0
1579470597,s1-eth1,6177120.00,151034.00,6328154.00,151034,6177120,4080.00,2041.00,6121.00,2041,4080,0.00,0.00,0,0
1579470597,s3,0.00,0.00,0.00,0,0,0.00,0.00,0.00,0,0,0.00,0.00,0,0
1579470597,s2-eth2,150886.00,6178634.00,6329520.00,6178634,150886,2039.00,4081.00,6120.00,4081,2039,0.00,0.00,0,0
1579470597,s2-eth1,6177120.00,150960.00,6328080.00,150960,6177120,4080.00,2040.00,6120.00,2040,4080,0.00,0.00,0,0
1579470597,lo,0.00,0.00,0.00,0,0,0.00,0.00,0.00,0,0,0.00,0.00,0,0
1579470597,s3-eth2,150960.00,6180148.00,6331108.00,6180148,150960,2040.00,4082.00,6122.00,4082,2040,0.00,0.00,0,0
1579470597,s3-eth1,6178634.00,150886.00,6329520.00,150886,6178634,4081.00,2039.00,6120.00,2039,4081,0.00,0.00,0,0
1579470597,total,18985788.00,18989088.00,37974872.00,18989087,18985787,18361.00,18364.00,36725.00,18364,18361,0.00,0.00,0,0
1579470598,s1,0.00,0.00,0.00,0,0,0.00,0.00,0.00,0,0,0.00,0.00,0,0
1579470598,eth0,0.00,0.00,0.00,0,0,0.00,0.00,0.00,0,0,0.00,0.00,0,0
1579470598,eth1,0.00,305.00,305.00,305,0,0.00,1.00,1.00,1,0,0.00,0.00,0,0
1579470598,s2,0.00,0.00,0.00,0,0,0.00,0.00,0.00,0,0,0.00,0.00,0,0
1579470598,s1-eth2,151182.00,6186204.00,6337386.00,6186204,151182,2043.00,4086.00,6129.00,4086,2043,0.00,0.00,0,0
1579470598,s1-eth1,6186546.00,151182.00,6337728.00,151182,6186546,4087.00,2043.00,6130.00,2043,4087,0.00,0.00,0,0
1579470598,s3,0.00,0.00,0.00,0,0,0.00,0.00,0.00,0,0,0.00,0.00,0,0
1579470598,s2-eth2,151182.00,6184690.00,6335872.00,6184690,151182,2043.00,4085.00,6128.00,4085,2043,0.00,0.00,0,0
1579470598,s2-eth1,6186204.00,151182.00,6337386.00,151182,6186204,4086.00,2043.00,6129.00,2043,4086,0.00,0.00,0,0
1579470598,lo,0.00,0.00,0.00,0,0,0.00,0.00,0.00,0,0,0.00,0.00,0,0
1579470598,s3-eth2,151182.00,6180148.00,6331330.00,6180148,151182,2043.00,4082.00,6125.00,4082,2043,0.00,0.00,0,0
1579470598,s3-eth1,6184690.00,151182.00,6335872.00,151182,6184690,4085.00,2043.00,6128.00,2043,4085,0.00,0.00,0,0
1579470598,total,19010986.00,19004892.00,38015880.00,19004893,19010986,18387.00,18383.00,36770.00,18383,18387,0.00,0.00,0,0
1579470599,s1,0.00,342.00,342.00,342,0,0.00,1.00,1.00,1,0,0.00,0.00,0,0
1579470599,eth0,0.00,0.00,0.00,0,0,0.00,0.00,0.00,0,0,0.00,0.00,0,0
1579470599,eth1,0.00,305.00,305.00,305,0,0.00,1.00,1.00,1,0,0.00,0.00,0,0
1579470599,s2,0.00,0.00,0.00,0,0,0.00,0.00,0.00,0,0,0.00,0.00,0,0
1579470599,s1-eth2,150442.00,6156266.00,6306708.00,6156266,150442,2033.00,4067.00,6100.00,4067,2033,0.00,0.00,0,0
1579470599,s1-eth1,6156266.00,150368.00,6306634.00,150368,6156266,4067.00,2032.00,6099.00,2032,4067,0.00,0.00,0,0
1579470599,s3,0.00,0.00,0.00,0,0,0.00,0.00,0.00,0,0,0.00,0.00,0,0
1579470599,s2-eth2,150442.00,6155924.00,6306366.00,6155924,150442,2033.00,4066.00,6099.00,4066,2033,0.00,0.00,0,0
1579470599,s2-eth1,6156266.00,150442.00,6306708.00,150442,6156266,4067.00,2033.00,6100.00,2033,4067,0.00,0.00,0,0
1579470599,lo,326.00,326.00,652.00,326,326,3.00,3.00,6.00,3,3,0.00,0.00,0,0
1579470599,s3-eth2,150368.00,6155924.00,6306292.00,6155924,150368,2032.00,4066.00,6098.00,4066,2032,0.00,0.00,0,0
1579470599,s3-eth1,6155924.00,150442.00,6306366.00,150442,6155924,4066.00,2033.00,6099.00,2033,4066,0.00,0.00,0,0
1579470599,total,18920034.00,18920340.00,37840372.00,18920339,18920034,18301.00,18302.00,36603.00,18302,18301,0.00,0.00,0,0
1579470600,s1,0.00,0.00,0.00,0,0,0.00,0.00,0.00,0,0,0.00,0.00,0,0
1579470600,eth0,0.00,0.00,0.00,0,0,0.00,0.00,0.00,0,0,0.00,0.00,0,0
1579470600,eth1,0.00,305.00,305.00,305,0,0.00,1.00,1.00,1,0,0.00,0.00,0,0
1579470600,s2,0.00,0.00,0.00,0,0,0.00,0.00,0.00,0,0,0.00,0.00,0,0
1579470600,s1-eth2,148666.00,6083252.00,6231918.00,6083252,148666,2009.00,4018.00,6027.00,4018,2009,0.00,0.00,0,0
1579470600,s1-eth1,6081738.00,148666.00,6230404.00,148666,6081738,4017.00,2009.00,6026.00,2009,4017,0.00,0.00,0,0
1579470600,s3,0.00,0.00,0.00,0,0,0.00,0.00,0.00,0,0,0.00,0.00,0,0
1579470600,s2-eth2,149036.00,6083252.00,6232288.00,6083252,149036,2014.00,4018.00,6032.00,4018,2014,0.00,0.00,0,0
1579470600,s2-eth1,6083252.00,148666.00,6231918.00,148666,6083252,4018.00,2009.00,6027.00,2009,4018,0.00,0.00,0,0
1579470600,lo,344.00,344.00,688.00,344,344,6.00,6.00,12.00,6,6,0.00,0.00,0,0
1579470600,s3-eth2,149036.00,6083252.00,6232288.00,6083252,149036,2014.00,4018.00,6032.00,4018,2014,0.00,0.00,0,0
1579470600,s3-eth1,6083252.00,149036.00,6232288.00,149036,6083252,4018.00,2014.00,6032.00,2014,4018,0.00,0.00,0,0
1579470600,total,18695324.00,18696772.00,37392096.00,18696773,18695324,18096.00,18093.00,36189.00,18093,18096,0.00,0.00,0,0
1579470601,s1,0.00,342.00,342.00,342,0,0.00,1.00,1.00,1,0,0.00,0.00,0,0
1579470601,eth0,0.00,0.00,0.00,0,0,0.00,0.00,0.00,0,0,0.00,0.00,0,0
1579470601,eth1,0.00,305.00,305.00,305,0,0.00,1.00,1.00,1,0,0.00,0.00,0,0
1579470601,s2,0.00,342.00,342.00,342,0,0.00,1.00,1.00,1,0,0.00,0.00,0,0
1579470601,s1-eth2,152292.00,6233480.00,6385772.00,6233480,152292,2058.00,4118.00,6176.00,4118,2058,0.00,0.00,0,0
1579470601,s1-eth1,6234994.00,152366.00,6387360.00,152366,6234994,4119.00,2059.00,6178.00,2059,4119,0.00,0.00,0,0
1579470601,s3,0.00,0.00,0.00,0,0,0.00,0.00,0.00,0,0,0.00,0.00,0,0
1579470601,s2-eth2,151996.00,6233480.00,6385476.00,6233480,151996,2054.00,4118.00,6172.00,4118,2054,0.00,0.00,0,0
1579470601,s2-eth1,6233480.00,152292.00,6385772.00,152292,6233480,4118.00,2058.00,6176.00,2058,4118,0.00,0.00,0,0
1579470601,lo,652.00,652.00,1304.00,652,652,6.00,6.00,12.00,6,6,0.00,0.00,0,0
1579470601,s3-eth2,151996.00,6234652.00,6386648.00,6234652,151996,2054.00,4118.00,6172.00,4118,2054,0.00,0.00,0,0
1579470601,s3-eth1,6233480.00,151996.00,6385476.00,151996,6233480,4118.00,2054.00,6172.00,2054,4118,0.00,0.00,0,0
1579470601,total,19158890.00,19159908.00,38318796.00,19159907,19158890,18527.00,18534.00,37061.00,18534,18527,0.00,0.00,0,0
1579470602,s1,0.00,0.00,0.00,0,0,0.00,0.00,0.00,0,0,0.00,0.00,0,0
1579470602,eth0,0.00,0.00,0.00,0,0,0.00,0.00,0.00,0,0,0.00,0.00,0,0
1579470602,eth1,0.00,305.00,305.00,305,0,0.00,1.00,1.00,1,0,0.00,0.00,0,0
1579470602,s2,0.00,0.00,0.00,0,0,0.00,0.00,0.00,0,0,0.00,0.00,0,0
1579470602,s1-eth2,148666.00,6083252.00,6231918.00,6083252,148666,2009.00,4018.00,6027.00,4018,2009,0.00,0.00,0,0
1579470602,s1-eth1,6083252.00,148666.00,6231918.00,148666,6083252,4018.00,2009.00,6027.00,2009,4018,0.00,0.00,0,0
1579470602,s3,0.00,0.00,0.00,0,0,0.00,0.00,0.00,0,0,0.00,0.00,0,0
1579470602,s2-eth2,148666.00,6086280.00,6234946.00,6086280,148666,2009.00,4020.00,6029.00,4020,2009,0.00,0.00,0,0
1579470602,s2-eth1,6083252.00,148666.00,6231918.00,148666,6083252,4018.00,2009.00,6027.00,2009,4018,0.00,0.00,0,0
1579470602,lo,0.00,0.00,0.00,0,0,0.00,0.00,0.00,0,0,0.00,0.00,0,0
1579470602,s3-eth2,148666.00,6084766.00,6233432.00,6084766,148666,2009.00,4019.00,6028.00,4019,2009,0.00,0.00,0,0
1579470602,s3-eth1,6086280.00,148666.00,6234946.00,148666,6086280,4020.00,2009.00,6029.00,2009,4020,0.00,0.00,0,0
1579470602,total,18698782.00,18700600.00,37399384.00,18700601,18698782,18083.00,18085.00,36168.00,18085,18083,0.00,0.00,0,0
1579470603,s1,0.00,0.00,0.00,0,0,0.00,0.00,0.00,0,0,0.00,0.00,0,0
1579470603,eth0,0.00,0.00,0.00,0,0,0.00,0.00,0.00,0,0,0.00,0.00,0,0
1579470603,eth1,0.00,305.00,305.00,305,0,0.00,1.00,1.00,1,0,0.00,0.00,0,0
1579470603,s2,0.00,0.00,0.00,0,0,0.00,0.00,0.00,0,0,0.00,0.00,0,0
1579470603,s1-eth2,149850.00,6131700.00,6281550.00,6131700,149850,2025.00,4050.00,6075.00,4050,2025,0.00,0.00,0,0
1579470603,s1-eth1,6130186.00,149850.00,6280036.00,149850,6130186,4049.00,2025.00,6074.00,2025,4049,0.00,0.00,0,0
1579470603,s3,0.00,0.00,0.00,0,0,0.00,0.00,0.00,0,0,0.00,0.00,0,0
1579470603,s2-eth2,149776.00,6130186.00,6279962.00,6130186,149776,2024.00,4049.00,6073.00,4049,2024,0.00,0.00,0,0
1579470603,s2-eth1,6131700.00,149850.00,6281550.00,149850,6131700,4050.00,2025.00,6075.00,2025,4050,0.00,0.00,0,0
1579470603,lo,0.00,0.00,0.00,0,0,0.00,0.00,0.00,0,0,0.00,0.00,0,0
1579470603,s3-eth2,149776.00,6131700.00,6281476.00,6131700,149776,2024.00,4050.00,6074.00,4050,2024,0.00,0.00,0,0
1579470603,s3-eth1,6130186.00,149776.00,6279962.00,149776,6130186,4049.00,2024.00,6073.00,2024,4049,0.00,0.00,0,0
1579470603,total,18841474.00,18843368.00,37684840.00,18843367,18841474,18221.00,18224.00,36445.00,18224,18221,0.00,0.00,0,0
1579470604,s1,0.00,0.00,0.00,0,0,0.00,0.00,0.00,0,0,0.00,0.00,0,0
1579470604,eth0,0.00,0.00,0.00,0,0,0.00,0.00,0.00,0,0,0.00,0.00,0,0
1579470604,eth1,0.00,305.00,305.00,305,0,0.00,1.00,1.00,1,0,0.00,0.00,0,0
1579470604,s2,0.00,0.00,0.00,0,0,0.00,0.00,0.00,0,0,0.00,0.00,0,0
1579470604,s1-eth2,150812.00,6169550.00,6320362.00,6169550,150812,2038.00,4075.00,6113.00,4075,2038,0.00,0.00,0,0
1579470604,s1-eth1,6171064.00,150812.00,6321876.00,150812,6171064,4076.00,2038.00,6114.00,2038,4076,0.00,0.00,0,0
1579470604,s3,0.00,0.00,0.00,0,0,0.00,0.00,0.00,0,0,0.00,0.00,0,0
1579470604,s2-eth2,150812.00,6172578.00,6323390.00,6172578,150812,2038.00,4077.00,6115.00,4077,2038,0.00,0.00,0,0
1579470604,s2-eth1,6169550.00,150812.00,6320362.00,150812,6169550,4075.00,2038.00,6113.00,2038,4075,0.00,0.00,0,0
1579470604,lo,0.00,0.00,0.00,0,0,0.00,0.00,0.00,0,0,0.00,0.00,0,0
1579470604,s3-eth2,150886.00,6171064.00,6321950.00,6171064,150886,2039.00,4076.00,6115.00,4076,2039,0.00,0.00,0,0
1579470604,s3-eth1,6172578.00,150812.00,6323390.00,150812,6172578,4077.00,2038.00,6115.00,2038,4077,0.00,0.00,0,0
1579470604,total,18965702.00,18965932.00,37931636.00,18965933,18965702,18343.00,18343.00,36686.00,18343,18343,0.00,0.00,0,0
1579470605,s1,0.00,562.00,562.00,562,0,0.00,3.00,3.00,3,0,0.00,0.00,0,0
1579470605,eth0,0.00,0.00,0.00,0,0,0.00,0.00,0.00,0,0,0.00,0.00,0,0
1579470605,eth1,0.00,305.00,305.00,305,0,0.00,1.00,1.00,1,0,0.00,0.00,0,0
1579470605,s2,0.00,562.00,562.00,562,0,0.00,3.00,3.00,3,0,0.00,0.00,0,0
1579470605,s1-eth2,143826.00,5861256.00,6005082.00,5861256,143826,1939.00,3874.00,5813.00,3874,1939,0.00,0.00,0,0
1579470605,s1-eth1,5861708.00,143190.00,6004898.00,143190,5861708,3876.00,1935.00,5811.00,1935,3876,0.00,0.00,0,0
1579470605,s3,0.00,562.00,562.00,562,0,0.00,3.00,3.00,3,0,0.00,0.00,0,0
1579470605,s2-eth2,143826.00,5860694.00,6004520.00,5860694,143826,1939.00,3871.00,5810.00,3871,1939,0.00,0.00,0,0
1579470605,s2-eth1,5861256.00,143826.00,6005082.00,143826,5861256,3874.00,1939.00,5813.00,1939,3874,0.00,0.00,0,0
1579470605,lo,2998.00,2998.00,5996.00,2998,2998,30.00,30.00,60.00,30,30,0.00,0.00,0,0
1579470605,s3-eth2,143826.00,5860694.00,6004520.00,5860694,143826,1939.00,3871.00,5810.00,3871,1939,0.00,0.00,0,0
1579470605,s3-eth1,5860694.00,143826.00,6004520.00,143826,5860694,3871.00,1939.00,5810.00,1939,3871,0.00,0.00,0,0
1579470605,total,18018134.00,18018476.00,36036608.00,18018475,18018134,17468.00,17469.00,34937.00,17469,17468,0.00,0.00,0,0
1579470606,s1,0.00,188.00,188.00,188,0,0.00,2.00,2.00,2,0,0.00,0.00,0,0
1579470606,eth0,0.00,0.00,0.00,0,0,0.00,0.00,0.00,0,0,0.00,0.00,0,0
1579470606,eth1,0.00,305.00,305.00,305,0,0.00,1.00,1.00,1,0,0.00,0.00,0,0
1579470606,s2,0.00,188.00,188.00,188,0,0.00,2.00,2.00,2,0,0.00,0.00,0,0
1579470606,s1-eth2,145562.00,5959292.00,6104854.00,5959292,145562,1967.00,3938.00,5905.00,3938,1967,0.00,0.00,0,0
1579470606,s1-eth1,5956452.00,145558.00,6102010.00,145558,5956452,3938.00,1967.00,5905.00,1967,3938,0.00,0.00,0,0
1579470606,s3,0.00,530.00,530.00,530,0,0.00,3.00,3.00,3,0,0.00,0.00,0,0
1579470606,s2-eth2,146014.00,5954672.00,6100686.00,5954672,146014,1969.00,3934.00,5903.00,3934,1969,0.00,0.00,0,0
1579470606,s2-eth1,5959292.00,145562.00,6104854.00,145562,5959292,3938.00,1967.00,5905.00,1967,3938,0.00,0.00,0,0
1579470606,lo,2078.00,2078.00,4156.00,2078,2078,21.00,21.00,42.00,21,21,0.00,0.00,0,0
1579470606,s3-eth2,146014.00,5954562.00,6100576.00,5954562,146014,1969.00,3933.00,5902.00,3933,1969,0.00,0.00,0,0
1579470606,s3-eth1,5954672.00,146014.00,6100686.00,146014,5954672,3934.00,1969.00,5903.00,1969,3934,0.00,0.00,0,0
1579470606,total,18310084.00,18308948.00,36619032.00,18308949,18310084,17736.00,17737.00,35473.00,17737,17736,0.00,0.00,0,0
1579470607,s1,0.00,1532.00,1532.00,1532,0,0.00,10.00,10.00,10,0,0.00,0.00,0,0
1579470607,eth0,0.00,0.00,0.00,0,0,0.00,0.00,0.00,0,0,0.00,0.00,0,0
1579470607,eth1,0.00,305.00,305.00,305,0,0.00,1.00,1.00,1,0,0.00,0.00,0,0
1579470607,s2,0.00,1422.00,1422.00,1422,0,0.00,9.00,9.00,9,0,0.00,0.00,0,0
1579470607,s1-eth2,143610.00,5792582.00,5936192.00,5792582,143610,1931.00,3835.00,5766.00,3835,1931,0.00,0.00,0,0
1579470607,s1-eth1,5795530.00,141562.00,5937092.00,141562,5795530,3845.00,1913.00,5758.00,1913,3845,0.00,0.00,0,0
1579470607,s3,0.00,1422.00,1422.00,1422,0,0.00,9.00,9.00,9,0,0.00,0.00,0,0
1579470607,s2-eth2,143946.00,5792752.00,5936698.00,5792752,143946,1935.00,3828.00,5763.00,3828,1935,0.00,0.00,0,0
1579470607,s2-eth1,5792582.00,143610.00,5936192.00,143610,5792582,3835.00,1931.00,5766.00,1931,3835,0.00,0.00,0,0
1579470607,lo,8077.00,8077.00,16154.00,8077,8077,77.00,77.00,154.00,77,77,0.00,0.00,0,0
1579470607,s3-eth2,143872.00,5794078.00,5937950.00,5794078,143872,1934.00,3827.00,5761.00,3827,1934,0.00,0.00,0,0
1579470607,s3-eth1,5792752.00,143946.00,5936698.00,143946,5792752,3828.00,1935.00,5763.00,1935,3828,0.00,0.00,0,0
1579470607,total,17820368.00,17821288.00,35641656.00,17821288,17820369,17385.00,17375.00,34760.00,17375,17385,0.00,0.00,0,0
1579470608,s1,0.00,2632.00,2632.00,2632,0,0.00,13.00,13.00,13,0,0.00,0.00,0,0
1579470608,eth0,0.00,0.00,0.00,0,0,0.00,0.00,0.00,0,0,0.00,0.00,0,0
1579470608,eth1,0.00,305.00,305.00,305,0,0.00,1.00,1.00,1,0,0.00,0.00,0,0
1579470608,s2,0.00,2742.00,2742.00,2742,0,0.00,14.00,14.00,14,0,0.00,0.00,0,0
1579470608,s1-eth2,145142.00,5908746.00,6053888.00,5908746,145142,1948.00,3914.00,5862.00,3914,1948,0.00,0.00,0,0
1579470608,s1-eth1,5911568.00,144374.00,6055942.00,144374,5911568,3920.00,1951.00,5871.00,1951,3920,0.00,0.00,0,0
1579470608,s3,0.00,2832.00,2832.00,2832,0,0.00,15.00,15.00,15,0,0.00,0.00,0,0
1579470608,s2-eth2,146318.00,5904320.00,6050638.00,5904320,146318,1954.00,3906.00,5860.00,3906,1954,0.00,0.00,0,0
1579470608,s2-eth1,5908746.00,145142.00,6053888.00,145142,5908746,3914.00,1948.00,5862.00,1948,3914,0.00,0.00,0,0
1579470608,lo,12508.00,12508.00,25016.00,12508,12508,117.00,117.00,234.00,117,117,0.00,0.00,0,0
1579470608,s3-eth2,146392.00,5903086.00,6049478.00,5903086,146392,1955.00,3899.00,5854.00,3899,1955,0.00,0.00,0,0
1579470608,s3-eth1,5904320.00,146318.00,6050638.00,146318,5904320,3906.00,1954.00,5860.00,1954,3906,0.00,0.00,0,0
1579470608,total,18174994.00,18173004.00,36348000.00,18173005,18174994,17714.00,17732.00,35446.00,17732,17714,0.00,0.00,0,0
1579470609,s1,0.00,1493.00,1493.00,1493,0,0.00,7.00,7.00,7,0,0.00,0.00,0,0
1579470609,eth0,0.00,0.00,0.00,0,0,0.00,0.00,0.00,0,0,0.00,0.00,0,0
1579470609,eth1,0.00,305.00,305.00,305,0,0.00,1.00,1.00,1,0,0.00,0.00,0,0
1579470609,s2,0.00,1493.00,1493.00,1493,0,0.00,7.00,7.00,7,0,0.00,0.00,0,0
1579470609,s1-eth2,151805.00,6199809.00,6351614.00,6199809,151805,2048.00,4101.00,6149.00,4101,2048,0.00,0.00,0,0
1579470609,s1-eth1,6200136.00,151478.00,6351614.00,151478,6200136,4102.00,2047.00,6149.00,2047,4102,0.00,0.00,0,0
1579470609,s3,0.00,1745.00,1745.00,1745,0,0.00,7.00,7.00,7,0,0.00,0.00,0,0
1579470609,s2-eth2,153223.00,6204024.00,6357247.00,6204024,153223,2054.00,4103.00,6157.00,4103,2054,0.00,0.00,0,0
1579470609,s2-eth1,6202837.00,151805.00,6354642.00,151805,6202837,4103.00,2048.00,6151.00,2048,4103,0.00,0.00,0,0
1579470609,lo,6653.00,6653.00,13306.00,6653,6653,63.00,63.00,126.00,63,63,0.00,0.00,0,0
1579470609,s3-eth2,153223.00,6205886.00,6359109.00,6205886,153223,2054.00,4099.00,6153.00,4099,2054,0.00,0.00,0,0
1579470609,s3-eth1,6204024.00,153223.00,6357247.00,153223,6204024,4103.00,2054.00,6157.00,2054,4103,0.00,0.00,0,0
1579470609,total,19071900.00,19077914.00,38149816.00,19077914,19071901,18527.00,18537.00,37064.00,18537,18527,0.00,0.00,0,0
1579470610,s1,0.00,701.00,701.00,701,0,0.00,3.00,3.00,3,0,0.00,0.00,0,0
1579470610,eth0,0.00,0.00,0.00,0,0,0.00,0.00,0.00,0,0,0.00,0.00,0,0
1579470610,eth1,0.00,305.00,305.00,305,0,0.00,1.00,1.00,1,0,0.00,0.00,0,0
1579470610,s2,0.00,701.00,701.00,701,0,0.00,3.00,3.00,3,0,0.00,0.00,0,0
1579470610,s1-eth2,149452.00,6102163.00,6251615.00,6102163,149452,2017.00,4034.00,6051.00,4034,2017,0.00,0.00,0,0
1579470610,s1-eth1,6102537.00,149152.00,6251689.00,149152,6102537,4036.00,2016.00,6052.00,2016,4036,0.00,0.00,0,0
1579470610,s3,0.00,701.00,701.00,701,0,0.00,3.00,3.00,3,0,0.00,0.00,0,0
1579470610,s2-eth2,149853.00,6101789.00,6251642.00,6101789,149853,2019.00,4032.00,6051.00,4032,2019,0.00,0.00,0,0
1579470610,s2-eth1,6099135.00,149452.00,6248587.00,149452,6099135,4032.00,2017.00,6049.00,2017,4032,0.00,0.00,0,0
1579470610,lo,2871.00,2871.00,5742.00,2871,2871,27.00,27.00,54.00,27,27,0.00,0.00,0,0
1579470610,s3-eth2,149779.00,6099948.00,6249727.00,6099948,149779,2018.00,4030.00,6048.00,4030,2018,0.00,0.00,0,0
1579470610,s3-eth1,6101789.00,149853.00,6251642.00,149853,6101789,4032.00,2019.00,6051.00,2019,4032,0.00,0.00,0,0
1579470610,total,18755416.00,18757636.00,37513052.00,18757636,18755416,18181.00,18185.00,36366.00,18185,18181,0.00,0.00,0,0
1579470611,s1,0.00,771.00,771.00,771,0,0.00,4.00,4.00,4,0,0.00,0.00,0,0
1579470611,eth0,0.00,0.00,0.00,0,0,0.00,0.00,0.00,0,0,0.00,0.00,0,0
1579470611,eth1,0.00,305.00,305.00,305,0,0.00,1.00,1.00,1,0,0.00,0.00,0,0
1579470611,s2,0.00,771.00,771.00,771,0,0.00,4.00,4.00,4,0,0.00,0.00,0,0
1579470611,s1-eth2,152023.00,6206657.00,6358680.00,6206657,152023,2051.00,4103.00,6154.00,4103,2051,0.00,0.00,0,0
1579470611,s1-eth1,6205540.00,151626.00,6357166.00,151626,6205540,4104.00,2049.00,6153.00,2049,4104,0.00,0.00,0,0
1579470611,s3,0.00,771.00,771.00,771,0,0.00,4.00,4.00,4,0,0.00,0.00,0,0
1579470611,s2-eth2,152397.00,6207774.00,6360171.00,6207774,152397,2053.00,4102.00,6155.00,4102,2053,0.00,0.00,0,0
1579470611,s2-eth1,6206657.00,152023.00,6358680.00,152023,6206657,4103.00,2051.00,6154.00,2051,4103,0.00,0.00,0,0
1579470611,lo,3623.00,3623.00,7246.00,3623,3623,35.00,35.00,70.00,35,35,0.00,0.00,0,0
1579470611,s3-eth2,152397.00,6205886.00,6358283.00,6205886,152397,2053.00,4099.00,6152.00,4099,2053,0.00,0.00,0,0
1579470611,s3-eth1,6207774.00,152397.00,6360171.00,152397,6207774,4102.00,2053.00,6155.00,2053,4102,0.00,0.00,0,0
1579470611,total,19080412.00,19082604.00,38163016.00,19082604,19080411,18501.00,18505.00,37006.00,18505,18501,0.00,0.00,0,0
1579470612,s1,0.00,739.00,739.00,739,0,0.00,3.00,3.00,3,0,0.00,0.00,0,0
1579470612,eth0,0.00,0.00,0.00,0,0,0.00,0.00,0.00,0,0,0.00,0.00,0,0
1579470612,eth1,0.00,305.00,305.00,305,0,0.00,1.00,1.00,1,0,0.00,0.00,0,0
1579470612,s2,0.00,739.00,739.00,739,0,0.00,3.00,3.00,3,0,0.00,0.00,0,0
1579470612,s1-eth2,150118.00,6127897.00,6278015.00,6127897,150118,2025.00,4050.00,6075.00,4050,2025,0.00,0.00,0,0
1579470612,s1-eth1,6129411.00,149776.00,6279187.00,149776,6129411,4051.00,2024.00,6075.00,2024,4051,0.00,0.00,0,0
1579470612,s3,0.00,739.00,739.00,739,0,0.00,3.00,3.00,3,0,0.00,0.00,0,0
1579470612,s2-eth2,150515.00,6127555.00,6278070.00,6127555,150515,2027.00,4049.00,6076.00,4049,2027,0.00,0.00,0,0
1579470612,s2-eth1,6127897.00,150118.00,6278015.00,150118,6127897,4050.00,2025.00,6075.00,2025,4050,0.00,0.00,0,0
1579470612,lo,2760.00,2760.00,5520.00,2760,2760,27.00,27.00,54.00,27,27,0.00,0.00,0,0
1579470612,s3-eth2,150515.00,6130186.00,6280701.00,6130186,150515,2027.00,4049.00,6076.00,4049,2027,0.00,0.00,0,0
1579470612,s3-eth1,6127555.00,150515.00,6278070.00,150515,6127555,4049.00,2027.00,6076.00,2027,4049,0.00,0.00,0,0
1579470612,total,18838772.00,18841328.00,37680100.00,18841329,18838771,18256.00,18261.00,36517.00,18261,18256,0.00,0.00,0,0
1579470613,s1,0.00,0.00,0.00,0,0,0.00,0.00,0.00,0,0,0.00,0.00,0,0
1579470613,eth0,0.00,0.00,0.00,0,0,0.00,0.00,0.00,0,0,0.00,0.00,0,0
1579470613,eth1,0.00,305.00,305.00,305,0,0.00,1.00,1.00,1,0,0.00,0.00,0,0
1579470613,s2,0.00,0.00,0.00,0,0,0.00,0.00,0.00,0,0,0.00,0.00,0,0
1579470613,s1-eth2,150886.00,6172578.00,6323464.00,6172578,150886,2039.00,4077.00,6116.00,4077,2039,0.00,0.00,0,0
1579470613,s1-eth1,6172578.00,150886.00,6323464.00,150886,6172578,4077.00,2039.00,6116.00,2039,4077,0.00,0.00,0,0
1579470613,s3,0.00,0.00,0.00,0,0,0.00,0.00,0.00,0,0,0.00,0.00,0,0
1579470613,s2-eth2,150960.00,6172578.00,6323538.00,6172578,150960,2040.00,4077.00,6117.00,4077,2040,0.00,0.00,0,0
1579470613,s2-eth1,6172578.00,150886.00,6323464.00,150886,6172578,4077.00,2039.00,6116.00,2039,4077,0.00,0.00,0,0
1579470613,lo,0.00,0.00,0.00,0,0,0.00,0.00,0.00,0,0,0.00,0.00,0,0
1579470613,s3-eth2,151034.00,6172578.00,6323612.00,6172578,151034,2041.00,4077.00,6118.00,4077,2041,0.00,0.00,0,0
1579470613,s3-eth1,6172578.00,150960.00,6323538.00,150960,6172578,4077.00,2040.00,6117.00,2040,4077,0.00,0.00,0,0
1579470613,total,18970614.00,18970772.00,37941384.00,18970771,18970614,18351.00,18350.00,36701.00,18350,18351,0.00,0.00,0,0
1579470614,s1,0.00,107.00,107.00,107,0,0.00,1.00,1.00,1,0,0.00,0.00,0,0
1579470614,eth0,0.00,0.00,0.00,0,0,0.00,0.00,0.00,0,0,0.00,0.00,0,0
1579470614,eth1,0.00,305.00,305.00,305,0,0.00,1.00,1.00,1,0,0.00,0.00,0,0
1579470614,s2,0.00,107.00,107.00,107,0,0.00,1.00,1.00,1,0,0.00,0.00,0,0
1579470614,s1-eth2,150253.00,6145433.00,6295686.00,6145433,150253,2030.00,4060.00,6090.00,4060,2030,0.00,0.00,0,0
1579470614,s1-eth1,6142512.00,150072.00,6292584.00,150072,6142512,4059.00,2028.00,6087.00,2028,4059,0.00,0.00,0,0
1579470614,s3,0.00,449.00,449.00,449,0,0.00,2.00,2.00,2,0,0.00,0.00,0,0
1579470614,s2-eth2,150521.00,6142298.00,6292819.00,6142298,150521,2030.00,4057.00,6087.00,4057,2030,0.00,0.00,0,0
1579470614,s2-eth1,6145433.00,150253.00,6295686.00,150253,6145433,4060.00,2030.00,6090.00,2030,4060,0.00,0.00,0,0
1579470614,lo,1241.00,1241.00,2482.00,1241,1241,12.00,12.00,24.00,12,12,0.00,0.00,0,0
1579470614,s3-eth2,150447.00,6142298.00,6292745.00,6142298,150447,2029.00,4057.00,6086.00,4057,2029,0.00,0.00,0,0
1579470614,s3-eth1,6142298.00,150521.00,6292819.00,150521,6142298,4057.00,2030.00,6087.00,2030,4057,0.00,0.00,0,0
1579470614,total,18882704.00,18883084.00,37765788.00,18883084,18882705,18277.00,18279.00,36556.00,18279,18277,0.00,0.00,0,0
1579470615,s1,0.00,177.00,177.00,177,0,0.00,2.00,2.00,2,0,0.00,0.00,0,0
1579470615,eth0,0.00,0.00,0.00,0,0,0.00,0.00,0.00,0,0,0.00,0.00,0,0
1579470615,eth1,0.00,305.00,305.00,305,0,0.00,1.00,1.00,1,0,0.00,0.00,0,0
1579470615,s2,0.00,177.00,177.00,177,0,0.00,2.00,2.00,2,0,0.00,0.00,0,0
1579470615,s1-eth2,150808.00,6169727.00,6320535.00,6169727,150808,2038.00,4077.00,6115.00,4077,2038,0.00,0.00,0,0
1579470615,s1-eth1,6171311.00,150812.00,6322123.00,150812,6171311,4079.00,2038.00,6117.00,2038,4079,0.00,0.00,0,0
1579470615,s3,0.00,177.00,177.00,177,0,0.00,2.00,2.00,2,0,0.00,0.00,0,0
1579470615,s2-eth2,150841.00,6171171.00,6322012.00,6171171,150841,2038.00,4077.00,6115.00,4077,2038,0.00,0.00,0,0
1579470615,s2-eth1,6169727.00,150808.00,6320535.00,150808,6169727,4077.00,2038.00,6115.00,2038,4077,0.00,0.00,0,0
1579470615,lo,1719.00,1719.00,3438.00,1719,1719,18.00,18.00,36.00,18,18,0.00,0.00,0,0
1579470615,s3-eth2,150915.00,6171064.00,6321979.00,6171064,150915,2039.00,4076.00,6115.00,4076,2039,0.00,0.00,0,0
1579470615,s3-eth1,6171171.00,150841.00,6322012.00,150841,6171171,4077.00,2038.00,6115.00,2038,4077,0.00,0.00,0,0
1579470615,total,18966492.00,18966978.00,37933472.00,18966978,18966492,18366.00,18369.00,36735.00,18369,18366,0.00,0.00,0,0
1579470616,s1,0.00,70.00,70.00,70,0,0.00,1.00,1.00,1,0,0.00,0.00,0,0
1579470616,eth0,0.00,0.00,0.00,0,0,0.00,0.00,0.00,0,0,0.00,0.00,0,0
1579470616,eth1,0.00,305.00,305.00,305,0,0.00,1.00,1.00,1,0,0.00,0.00,0,0
1579470616,s2,0.00,70.00,70.00,70,0,0.00,1.00,1.00,1,0,0.00,0.00,0,0
1579470616,s1-eth2,151034.00,6180218.00,6331252.00,6180218,151034,2041.00,4083.00,6124.00,4083,2041,0.00,0.00,0,0
1579470616,s1-eth1,6180560.00,151034.00,6331594.00,151034,6180560,4084.00,2041.00,6125.00,2041,4084,0.00,0.00,0,0
1579470616,s3,0.00,70.00,70.00,70,0,0.00,1.00,1.00,1,0,0.00,0.00,0,0
1579470616,s2-eth2,151104.00,6178704.00,6329808.00,6178704,151104,2042.00,4082.00,6124.00,4082,2042,0.00,0.00,0,0
1579470616,s2-eth1,6180218.00,151034.00,6331252.00,151034,6180218,4083.00,2041.00,6124.00,2041,4083,0.00,0.00,0,0
1579470616,lo,804.00,804.00,1608.00,804,804,9.00,9.00,18.00,9,9,0.00,0.00,0,0
1579470616,s3-eth2,151104.00,6178634.00,6329738.00,6178634,151104,2042.00,4081.00,6123.00,4081,2042,0.00,0.00,0,0
1579470616,s3-eth1,6178704.00,151104.00,6329808.00,151104,6178704,4082.00,2042.00,6124.00,2042,4082,0.00,0.00,0,0
1579470616,total,18993528.00,18992048.00,37985576.00,18992047,18993528,18383.00,18383.00,36766.00,18383,18383,0.00,0.00,0,0
1579470617,s1,0.00,0.00,0.00,0,0,0.00,0.00,0.00,0,0,0.00,0.00,0,0
1579470617,eth0,0.00,0.00,0.00,0,0,0.00,0.00,0.00,0,0,0.00,0.00,0,0
1579470617,eth1,0.00,305.00,305.00,305,0,0.00,1.00,1.00,1,0,0.00,0.00,0,0
1579470617,s2,0.00,342.00,342.00,342,0,0.00,1.00,1.00,1,0,0.00,0.00,0,0
1579470617,s1-eth2,142866.00,5828900.00,5971766.00,5828900,142866,1927.00,3850.00,5777.00,3850,1927,0.00,0.00,0,0
1579470617,s1-eth1,5831928.00,142524.00,5974452.00,142524,5831928,3852.00,1926.00,5778.00,1926,3852,0.00,0.00,0,0
1579470617,s3,0.00,342.00,342.00,342,0,0.00,1.00,1.00,1,0,0.00,0.00,0,0
1579470617,s2-eth2,142940.00,5815274.00,5958214.00,5815274,142940,1928.00,3841.00,5769.00,3841,1928,0.00,0.00,0,0
1579470617,s2-eth1,5828900.00,142866.00,5971766.00,142866,5828900,3850.00,1927.00,5777.00,1927,3850,0.00,0.00,0,0
1579470617,lo,652.00,652.00,1304.00,652,652,6.00,6.00,12.00,6,6,0.00,0.00,0,0
1579470617,s3-eth2,142866.00,5809218.00,5952084.00,5809218,142866,1927.00,3837.00,5764.00,3837,1927,0.00,0.00,0,0
1579470617,s3-eth1,5815274.00,142940.00,5958214.00,142940,5815274,3841.00,1928.00,5769.00,1928,3841,0.00,0.00,0,0
1579470617,total,17905426.00,17883364.00,35788788.00,17883363,17905426,17331.00,17318.00,34649.00,17318,17331,0.00,0.00,0,0
1579470618,s1,0.00,0.00,0.00,0,0,0.00,0.00,0.00,0,0,0.00,0.00,0,0
1579470618,eth0,0.00,0.00,0.00,0,0,0.00,0.00,0.00,0,0,0.00,0.00,0,0
1579470618,eth1,0.00,305.00,305.00,305,0,0.00,1.00,1.00,1,0,0.00,0.00,0,0
1579470618,s2,0.00,0.00,0.00,0,0,0.00,0.00,0.00,0,0,0.00,0.00,0,0
1579470618,s1-eth2,152070.00,6222540.00,6374610.00,6222540,152070,2055.00,4110.00,6165.00,4110,2055,0.00,0.00,0,0
1579470618,s1-eth1,6222540.00,152070.00,6374610.00,152070,6222540,4110.00,2055.00,6165.00,2055,4110,0.00,0.00,0,0
1579470618,s3,0.00,0.00,0.00,0,0,0.00,0.00,0.00,0,0,0.00,0.00,0,0
1579470618,s2-eth2,152070.00,6234652.00,6386722.00,6234652,152070,2055.00,4118.00,6173.00,4118,2055,0.00,0.00,0,0
1579470618,s2-eth1,6222540.00,152070.00,6374610.00,152070,6222540,4110.00,2055.00,6165.00,2055,4110,0.00,0.00,0,0
1579470618,lo,0.00,0.00,0.00,0,0,0.00,0.00,0.00,0,0,0.00,0.00,0,0
1579470618,s3-eth2,152070.00,6236166.00,6388236.00,6236166,152070,2055.00,4119.00,6174.00,4119,2055,0.00,0.00,0,0
1579470618,s3-eth1,6234652.00,152070.00,6386722.00,152070,6234652,4118.00,2055.00,6173.00,2055,4118,0.00,0.00,0,0
1579470618,total,19135942.00,19149872.00,38285816.00,19149873,19135942,18503.00,18513.00,37016.00,18513,18503,0.00,0.00,0,0
1579470619,s1,0.00,342.00,342.00,342,0,0.00,1.00,1.00,1,0,0.00,0.00,0,0
1579470619,eth0,0.00,0.00,0.00,0,0,0.00,0.00,0.00,0,0,0.00,0.00,0,0
1579470619,eth1,0.00,305.00,305.00,305,0,0.00,1.00,1.00,1,0,0.00,0.00,0,0
1579470619,s2,0.00,0.00,0.00,0,0,0.00,0.00,0.00,0,0,0.00,0.00,0,0
1579470619,s1-eth2,57732.00,2167980.00,2225712.00,2167980,57732,780.00,1436.00,2216.00,1436,780,0.00,0.00,0,0
1579470619,s1-eth1,2230054.00,56178.00,2286232.00,56178,2230054,1477.00,759.00,2236.00,759,1477,0.00,0.00,0,0
1579470619,s3,0.00,0.00,0.00,0,0,0.00,0.00,0.00,0,0,0.00,0.00,0,0
1579470619,s2-eth2,59212.00,2104050.00,2163262.00,2104050,59212,800.00,1393.00,2193.00,1393,800,0.00,0.00,0,0
1579470619,s2-eth1,2167980.00,57732.00,2225712.00,57732,2167980,1436.00,780.00,2216.00,780,1436,0.00,0.00,0,0
1579470619,lo,326.00,326.00,652.00,326,326,3.00,3.00,6.00,3,3,0.00,0.00,0,0
1579470619,s3-eth2,60766.00,2040462.00,2101228.00,2040462,60766,821.00,1351.00,2172.00,1351,821,0.00,0.00,0,0
1579470619,s3-eth1,2104050.00,59212.00,2163262.00,59212,2104050,1393.00,800.00,2193.00,800,1393,0.00,0.00,0,0
1579470619,total,6680120.00,6486587.00,13166707.00,6486587,6680120,6710.00,6524.00,13234.00,6524,6710,0.00,0.00,0,0
1579470620,s1,0.00,0.00,0.00,0,0,0.00,0.00,0.00,0,0,0.00,0.00,0,0
1579470620,eth0,0.00,0.00,0.00,0,0,0.00,0.00,0.00,0,0,0.00,0.00,0,0
1579470620,eth1,0.00,305.00,305.00,305,0,0.00,1.00,1.00,1,0,0.00,0.00,0,0
1579470620,s2,0.00,0.00,0.00,0,0,0.00,0.00,0.00,0,0,0.00,0.00,0,0
1579470620,s1-eth2,0.00,0.00,0.00,0,0,0.00,0.00,0.00,0,0,0.00,0.00,0,0
1579470620,s1-eth1,0.00,0.00,0.00,0,0,0.00,0.00,0.00,0,0,0.00,0.00,0,0
1579470620,s3,0.00,0.00,0.00,0,0,0.00,0.00,0.00,0,0,0.00,0.00,0,0
1579470620,s2-eth2,0.00,0.00,0.00,0,0,0.00,0.00,0.00,0,0,0.00,0.00,0,0
1579470620,s2-eth1,0.00,0.00,0.00,0,0,0.00,0.00,0.00,0,0,0.00,0.00,0,0
1579470620,lo,0.00,0.00,0.00,0,0,0.00,0.00,0.00,0,0,0.00,0.00,0,0
1579470620,s3-eth2,0.00,0.00,0.00,0,0,0.00,0.00,0.00,0,0,0.00,0.00,0,0
1579470620,s3-eth1,0.00,0.00,0.00,0,0,0.00,0.00,0.00,0,0,0.00,0.00,0,0
1579470620,total,0.00,305.00,305.00,305,0,0.00,1.00,1.00,1,0,0.00,0.00,0,0
1579470621,s1,0.00,0.00,0.00,0,0,0.00,0.00,0.00,0,0,0.00,0.00,0,0
1579470621,eth0,0.00,0.00,0.00,0,0,0.00,0.00,0.00,0,0,0.00,0.00,0,0
1579470621,eth1,0.00,305.00,305.00,305,0,0.00,1.00,1.00,1,0,0.00,0.00,0,0
1579470621,s2,0.00,0.00,0.00,0,0,0.00,0.00,0.00,0,0,0.00,0.00,0,0
1579470621,s1-eth2,0.00,0.00,0.00,0,0,0.00,0.00,0.00,0,0,0.00,0.00,0,0
1579470621,s1-eth1,0.00,0.00,0.00,0,0,0.00,0.00,0.00,0,0,0.00,0.00,0,0
1579470621,s3,0.00,0.00,0.00,0,0,0.00,0.00,0.00,0,0,0.00,0.00,0,0
1579470621,s2-eth2,0.00,0.00,0.00,0,0,0.00,0.00,0.00,0,0,0.00,0.00,0,0
1579470621,s2-eth1,0.00,0.00,0.00,0,0,0.00,0.00,0.00,0,0,0.00,0.00,0,0
1579470621,lo,0.00,0.00,0.00,0,0,0.00,0.00,0.00,0,0,0.00,0.00,0,0
1579470621,s3-eth2,0.00,0.00,0.00,0,0,0.00,0.00,0.00,0,0,0.00,0.00,0,0
1579470621,s3-eth1,0.00,0.00,0.00,0,0,0.00,0.00,0.00,0,0,0.00,0.00,0,0
1579470621,total,0.00,305.00,305.00,305,0,0.00,1.00,1.00,1,0,0.00,0.00,0,0
1579470622,s1,0.00,107.00,107.00,107,0,0.00,1.00,1.00,1,0,0.00,0.00,0,0
1579470622,eth0,0.00,0.00,0.00,0,0,0.00,0.00,0.00,0,0,0.00,0.00,0,0
1579470622,eth1,0.00,305.00,305.00,305,0,0.00,1.00,1.00,1,0,0.00,0.00,0,0
1579470622,s2,0.00,107.00,107.00,107,0,0.00,1.00,1.00,1,0,0.00,0.00,0,0
1579470622,s1-eth2,107.00,107.00,214.00,107,107,1.00,1.00,2.00,1,1,0.00,0.00,0,0
1579470622,s1-eth1,214.00,0.00,214.00,0,214,2.00,0.00,2.00,0,2,0.00,0.00,0,0
1579470622,s3,0.00,107.00,107.00,107,0,0.00,1.00,1.00,1,0,0.00,0.00,0,0
1579470622,s2-eth2,107.00,0.00,107.00,0,107,1.00,0.00,1.00,0,1,0.00,0.00,0,0
1579470622,s2-eth1,107.00,107.00,214.00,107,107,1.00,1.00,2.00,1,1,0.00,0.00,0,0
1579470622,lo,1259.00,1259.00,2518.00,1259,1259,15.00,15.00,30.00,15,15,0.00,0.00,0,0
1579470622,s3-eth2,214.00,0.00,214.00,0,214,2.00,0.00,2.00,0,2,0.00,0.00,0,0
1579470622,s3-eth1,0.00,107.00,107.00,107,0,0.00,1.00,1.00,1,0,0.00,0.00,0,0
1579470622,total,2008.00,2206.00,4214.00,2206,2008,22.00,22.00,44.00,22,22,0.00,0.00,0,0
1579470623,s1,0.00,106.89,106.89,107,0,0.00,1.00,1.00,1,0,0.00,0.00,0,0
1579470623,eth0,0.00,0.00,0.00,0,0,0.00,0.00,0.00,0,0,0.00,0.00,0,0
1579470623,eth1,0.00,304.70,304.70,305,0,0.00,1.00,1.00,1,0,0.00,0.00,0,0
1579470623,s2,0.00,106.89,106.89,107,0,0.00,1.00,1.00,1,0,0.00,0.00,0,0
1579470623,s1-eth2,0.00,106.89,106.89,107,0,0.00,1.00,1.00,1,0,0.00,0.00,0,0
1579470623,s1-eth1,106.89,0.00,106.89,0,107,1.00,0.00,1.00,0,1,0.00,0.00,0,0
1579470623,s3,0.00,106.89,106.89,107,0,0.00,1.00,1.00,1,0,0.00,0.00,0,0
1579470623,s2-eth2,106.89,106.89,213.79,107,107,1.00,1.00,2.00,1,1,0.00,0.00,0,0
1579470623,s2-eth1,106.89,0.00,106.89,0,107,1.00,0.00,1.00,0,1,0.00,0.00,0,0
1579470623,lo,914.09,914.09,1828.17,915,915,8.99,8.99,17.98,9,9,0.00,0.00,0,0
1579470623,s3-eth2,106.89,0.00,106.89,0,107,1.00,0.00,1.00,0,1,0.00,0.00,0,0
1579470623,s3-eth1,106.89,106.89,213.79,107,107,1.00,1.00,2.00,1,1,0.00,0.00,0,0
1579470623,total,1448.55,1860.14,3308.69,1862,1450,13.99,15.98,29.97,16,14,0.00,0.00,0,0
1579470624,s1,0.00,0.00,0.00,0,0,0.00,0.00,0.00,0,0,0.00,0.00,0,0
1579470624,eth0,0.00,0.00,0.00,0,0,0.00,0.00,0.00,0,0,0.00,0.00,0,0
1579470624,eth1,0.00,304.70,304.70,305,0,0.00,1.00,1.00,1,0,0.00,0.00,0,0
1579470624,s2,0.00,0.00,0.00,0,0,0.00,0.00,0.00,0,0,0.00,0.00,0,0
1579470624,s1-eth2,0.00,0.00,0.00,0,0,0.00,0.00,0.00,0,0,0.00,0.00,0,0
1579470624,s1-eth1,0.00,0.00,0.00,0,0,0.00,0.00,0.00,0,0,0.00,0.00,0,0
1579470624,s3,0.00,0.00,0.00,0,0,0.00,0.00,0.00,0,0,0.00,0.00,0,0
1579470624,s2-eth2,0.00,0.00,0.00,0,0,0.00,0.00,0.00,0,0,0.00,0.00,0,0
1579470624,s2-eth1,0.00,0.00,0.00,0,0,0.00,0.00,0.00,0,0,0.00,0.00,0,0
1579470624,lo,0.00,0.00,0.00,0,0,0.00,0.00,0.00,0,0,0.00,0.00,0,0
1579470624,s3-eth2,0.00,0.00,0.00,0,0,0.00,0.00,0.00,0,0,0.00,0.00,0,0
1579470624,s3-eth1,0.00,0.00,0.00,0,0,0.00,0.00,0.00,0,0,0.00,0.00,0,0
1579470624,total,0.00,304.70,304.70,305,0,0.00,1.00,1.00,1,0,0.00,0.00,0,0
1579470625,s1,0.00,0.00,0.00,0,0,0.00,0.00,0.00,0,0,0.00,0.00,0,0
1579470625,eth0,0.00,0.00,0.00,0,0,0.00,0.00,0.00,0,0,0.00,0.00,0,0
1579470625,eth1,0.00,305.00,305.00,305,0,0.00,1.00,1.00,1,0,0.00,0.00,0,0
1579470625,s2,0.00,0.00,0.00,0,0,0.00,0.00,0.00,0,0,0.00,0.00,0,0
1579470625,s1-eth2,0.00,0.00,0.00,0,0,0.00,0.00,0.00,0,0,0.00,0.00,0,0
1579470625,s1-eth1,0.00,0.00,0.00,0,0,0.00,0.00,0.00,0,0,0.00,0.00,0,0
1579470625,s3,0.00,0.00,0.00,0,0,0.00,0.00,0.00,0,0,0.00,0.00,0,0
1579470625,s2-eth2,0.00,0.00,0.00,0,0,0.00,0.00,0.00,0,0,0.00,0.00,0,0
1579470625,s2-eth1,0.00,0.00,0.00,0,0,0.00,0.00,0.00,0,0,0.00,0.00,0,0
1579470625,lo,0.00,0.00,0.00,0,0,0.00,0.00,0.00,0,0,0.00,0.00,0,0
1579470625,s3-eth2,0.00,0.00,0.00,0,0,0.00,0.00,0.00,0,0,0.00,0.00,0,0
1579470625,s3-eth1,0.00,0.00,0.00,0,0,0.00,0.00,0.00,0,0,0.00,0.00,0,0
1579470625,total,0.00,305.00,305.00,305,0,0.00,1.00,1.00,1,0,0.00,0.00,0,0
1579470626,s1,0.00,0.00,0.00,0,0,0.00,0.00,0.00,0,0,0.00,0.00,0,0
1579470626,eth0,0.00,0.00,0.00,0,0,0.00,0.00,0.00,0,0,0.00,0.00,0,0
1579470626,eth1,0.00,305.00,305.00,305,0,0.00,1.00,1.00,1,0,0.00,0.00,0,0
1579470626,s2,0.00,0.00,0.00,0,0,0.00,0.00,0.00,0,0,0.00,0.00,0,0
1579470626,s1-eth2,0.00,0.00,0.00,0,0,0.00,0.00,0.00,0,0,0.00,0.00,0,0
1579470626,s1-eth1,0.00,0.00,0.00,0,0,0.00,0.00,0.00,0,0,0.00,0.00,0,0
1579470626,s3,0.00,0.00,0.00,0,0,0.00,0.00,0.00,0,0,0.00,0.00,0,0
1579470626,s2-eth2,0.00,0.00,0.00,0,0,0.00,0.00,0.00,0,0,0.00,0.00,0,0
1579470626,s2-eth1,0.00,0.00,0.00,0,0,0.00,0.00,0.00,0,0,0.00,0.00,0,0
1579470626,lo,0.00,0.00,0.00,0,0,0.00,0.00,0.00,0,0,0.00,0.00,0,0
1579470626,s3-eth2,0.00,0.00,0.00,0,0,0.00,0.00,0.00,0,0,0.00,0.00,0,0
1579470626,s3-eth1,0.00,0.00,0.00,0,0,0.00,0.00,0.00,0,0,0.00,0.00,0,0
1579470626,total,0.00,305.00,305.00,305,0,0.00,1.00,1.00,1,0,0.00,0.00,0,0
1579470627,s1,0.00,0.00,0.00,0,0,0.00,0.00,0.00,0,0,0.00,0.00,0,0
1579470627,eth0,0.00,0.00,0.00,0,0,0.00,0.00,0.00,0,0,0.00,0.00,0,0
1579470627,eth1,0.00,305.00,305.00,305,0,0.00,1.00,1.00,1,0,0.00,0.00,0,0
1579470627,s2,0.00,0.00,0.00,0,0,0.00,0.00,0.00,0,0,0.00,0.00,0,0
1579470627,s1-eth2,0.00,0.00,0.00,0,0,0.00,0.00,0.00,0,0,0.00,0.00,0,0
1579470627,s1-eth1,0.00,0.00,0.00,0,0,0.00,0.00,0.00,0,0,0.00,0.00,0,0
1579470627,s3,0.00,0.